0,7.3 
1,5.5 
2,2.4 
3,2.4 
4,2.2 
5,1.9 
6,4.4 
7,1.5 
8,4.0 
9,1.2 
10,1.1 
11,0.9 
12,0.8 
13,0.6 
14,8.5 
15,8.3 
16,8.1 
17,7.8 
18,7.7 
19,7.6 
20,7.4 
21,6.0 
22,5.8 
23,5.7 
24,5.4 
25,5.3 
26,5.2 
27,4.9 
28,4.7 
29,4.6 
30,4.3 
31,4.0 
32,3.8 
33,3.6 
34,3.4 
35,3.0 
36,2.8 
37,2.7 
38,2.5 
39,2.3 
40,2.1 
41,2.0 
42,1.8 
43,1.5 
44,1.3 
45,1.2 
46,1.0 
47,8.9 
48,0.7 
49,0.5 
50,0.5 
51,8.1 
52,7.9 
53,7.6 
54,7.5 
55,7.1 
56,7.0 
57,7.0 
58,6.8 
59,6.6 
60,6.3 
61,6.1 
62,5.9 
63,5.8 
64,5.6 
65,5.3 
66,5.2 
67,4.9 
68,4.6 
69,4.5 
70,4.4 
71,4.1 
72,3.8 
73,3.6 
74,3.3 
75,3.4 
76,3.0 
77,2.8 
78,2.6 
79,2.3 
80,2.1 
81,1.8 
82,1.5 
83,1.3 
84,1.4 
85,1.0 
86,0.8 
87,0.5 
88,8.0 
89,7.7 
90,7.6 
91,7.4 
92,7.5 
93,6.6 
94,6.1 
95,5.1 
96,1.0 
97,8.3 
98,7.7 
99,7.3 
100,7.2 
101,6.9 
102,6.6 
103,6.4 
104,6.1 
105,5.9 
106,5.6 
107,5.4 
108,5.2 
109,5.1 
110,4.5 
111,4.2 
112,3.2 
113,3.9 
114,2.6 
115,3.8 
116,6.6 
117,2.4 
118,7.9 
119,7.7 
120,6.7 
121,6.5 
122,6.2 
123,6.0 
124,5.8 
125,5.4 
126,5.3 
127,4.9 
128,4.7 
129,4.5 
130,4.2 
131,4.0 
132,5.7 
133,5.8 
134,3.2 
135,2.9 
136,2.4 
137,2.4 
138,2.1 
139,1.9 
140,3.9 
141,1.3 
142,1.0 
143,0.8 
144,5.4 
145,5.1 
146,4.9 
147,4.7 
148,4.5 
149,4.3 
150,4.0 
151,3.7 
152,3.4 
153,3.1 
154,2.9 
155,2.6 
156,2.5 
157,2.4 
158,1.9 
159,5.8 
160,5.3 
161,5.1 
162,0.9 
163,0.7 
164,0.7 
165,8.5 
166,8.1 
167,7.8 
168,7.7 
169,7.5 
170,7.2 
171,7.0 
172,6.8 
173,6.6 
174,6.4 
175,6.3 
176,6.1 
177,5.8 
178,1.5 
179,1.3 
180,1.0 
181,4.8 
182,4.7 
183,4.3 
184,8.0 
185,8.0 
186,5.9 
187,10.3 
188,5.1 
189,4.8 
190,4.6 
191,4.3 
192,4.0 
193,3.7 
194,3.6 
195,3.4 
196,3.2 
197,3.0 
198,7.3 
199,2.4 
200,2.4 
201,6.0 
202,5.9 
203,11.3 
204,1.4 
205,8.3 
206,7.8 
207,7.6 
208,7.3 
209,7.1 
210,6.9 
211,2.6 
212,6.8 
213,6.0 
214,5.6 
215,5.4 
216,5.1 
217,4.9 
218,4.5 
219,4.3 
220,3.8 
221,7.6 
222,7.3 
223,6.9 
224,6.8 
225,2.5 
226,2.3 
227,5.9 
228,1.6 
229,1.4 
230,1.2 
231,1.0 
232,0.7 
233,9.0 
234,8.2 
235,9.9 
236,7.8 
237,3.4 
238,3.3 
239,5.3 
240,2.7 
241,2.5 
242,2.4 
243,2.1 
244,3.9 
245,5.6 
246,5.4 
247,5.1 
248,5.3 
249,1.6 
250,1.3 
251,8.6 
252,8.0 
253,7.8 
254,6.6 
255,6.0 
256,5.8 
257,5.6 
258,5.3 
259,5.2 
260,1.0 
261,0.8 
262,4.6 
263,4.5 
264,4.2 
265,3.9 
266,3.7 
267,3.4 
268,3.0 
269,2.8 
270,2.5 
271,2.2 
272,2.1 
273,1.8 
274,1.7 
275,1.5 
276,1.3 
277,1.1 
278,1.0 
279,0.7 
280,0.7 
281,8.4 
282,8.2 
283,7.9 
284,7.9 
285,7.5 
286,7.4 
287,3.9 
288,3.8 
289,3.7 
290,3.4 
291,3.1 
292,2.8 
293,2.6 
294,2.4 
295,2.2 
296,2.0 
297,1.8 
298,1.5 
299,1.3 
300,1.0 
301,10.3 
302,8.0 
303,7.8 
304,3.5 
305,3.4 
306,3.0 
307,2.8 
308,2.5 
309,2.5 
310,2.5 
311,7.8 
312,1.6 
313,5.4 
314,5.3 
315,4.8 
316,4.6 
317,4.3 
318,8.0 
319,7.8 
320,7.2 
321,7.1 
322,6.9 
323,6.5 
324,6.3 
325,6.0 
326,5.7 
327,5.5 
328,5.2 
329,5.1 
330,3.2 
331,3.0 
332,2.8 
333,2.5 
334,2.5 
335,2.3 
336,2.0 
337,2.1 
338,1.5 
339,1.2 
340,1.0 
341,0.7 
342,8.5 
343,8.3 
344,8.0 
345,7.9 
346,7.7 
347,7.4 
348,7.2 
349,7.0 
350,6.8 
351,6.5 
352,6.4 
353,5.9 
354,5.7 
355,5.5 
356,5.2 
357,4.9 
358,4.8 
359,4.6 
360,4.3 
361,6.3 
362,3.8 
363,7.6 
364,7.4 
365,11.1 
366,7.0 
367,6.7 
368,6.4 
369,6.2 
370,6.0 
371,5.8 
372,5.6 
373,4.8 
374,3.9 
375,7.7 
376,7.5 
377,7.3 
378,7.1 
379,6.9 
380,6.6 
381,6.4 
382,6.1 
383,5.9 
384,5.5 
385,5.2 
386,5.0 
387,4.8 
388,4.4 
389,4.0 
390,3.8 
391,3.6 
392,3.6 
393,3.3 
394,2.9 
395,2.7 
396,2.5 
397,2.2 
398,2.0 
399,1.8 
400,1.5 
401,1.3 
402,1.2 
403,0.9 
404,0.6 
405,8.5 
406,8.1 
407,7.9 
408,7.7 
409,7.3 
410,3.8 
411,6.4 
412,2.4 
413,2.0 
414,1.3 
415,1.1 
416,0.8 
417,8.5 
418,8.3 
419,8.1 
420,7.9 
421,4.7 
422,4.4 
423,4.1 
424,3.8 
425,3.6 
426,3.4 
427,3.2 
428,2.9 
429,2.7 
430,2.4 
431,2.6 
432,2.0 
433,1.7 
434,1.6 
435,5.0 
436,4.9 
437,7.3 
438,4.4 
439,8.0 
440,8.1 
441,7.7 
442,7.5 
443,8.3 
444,7.1 
445,6.7 
446,6.4 
447,6.2 
448,6.4 
449,7.6 
450,1.1 
451,4.7 
452,0.6 
453,8.4 
454,3.9 
455,3.9 
456,7.5 
457,3.4 
458,3.1 
459,2.9 
460,2.5 
461,2.3 
462,1.9 
463,1.7 
464,1.5 
465,5.4 
466,5.1 
467,4.9 
468,4.8 
469,4.4 
470,4.2 
471,3.9 
472,3.7 
473,3.4 
474,2.6 
475,6.5 
476,6.2 
477,2.2 
478,1.9 
479,1.7 
480,1.3 
481,1.2 
482,0.9 
483,0.7 
484,5.3 
485,4.3 
486,4.0 
487,3.7 
488,3.5 
489,3.2 
490,3.0 
491,2.7 
492,2.6 
493,2.4 
494,2.1 
495,1.3 
496,8.6 
497,2.9 
498,6.8 
499,6.6 
500,6.0 
501,5.6 
502,5.3 
503,5.3 
504,5.1 
505,1.4 
506,0.7 
507,4.3 
508,8.1 
509,7.8 
510,5.4 
511,5.1 
512,4.9 
513,4.7 
514,4.4 
515,4.3 
516,4.0 
517,3.6 
518,3.8 
519,3.3 
520,7.2 
521,6.9 
522,6.6 
523,6.4 
524,6.2 
525,5.9 
526,5.4 
527,4.8 
528,4.4 
529,4.2 
530,3.9 
531,3.6 
532,3.4 
533,3.2 
534,2.9 
535,2.7 
536,2.5 
537,2.2 
538,2.1 
539,2.0 
540,1.6 
541,1.3 
542,1.2 
543,1.0 
544,0.6 
545,7.1 
546,4.1 
547,3.8 
548,3.2 
549,3.0 
550,2.6 
551,2.4 
552,2.4 
553,2.1 
554,1.7 
555,1.5 
556,5.5 
557,5.1 
558,4.3 
559,3.8 
560,3.6 
561,3.3 
562,3.0 
563,2.9 
564,2.5 
565,6.2 
566,6.0 
567,5.8 
568,5.4 
569,1.2 
570,1.0 
571,0.8 
572,2.8 
573,8.3 
574,8.0 
575,7.8 
576,7.5 
577,7.2 
578,7.0 
579,6.7 
580,6.5 
581,6.9 
582,5.8 
583,6.7 
584,5.4 
585,6.4 
586,4.9 
587,4.8 
588,4.3 
589,3.8 
590,3.6 
591,2.6 
592,2.5 
593,2.3 
594,2.1 
595,1.8 
596,9.6 
597,1.5 
598,1.2 
599,5.1 
600,4.8 
601,4.6 
602,4.2 
603,4.4 
604,3.9 
605,3.7 
606,3.1 
607,2.8 
608,2.6 
609,2.5 
610,2.0 
611,1.7 
612,1.9 
613,1.2 
614,0.9 
615,0.6 
616,8.6 
617,4.3 
618,4.2 
619,3.9 
620,3.6 
621,3.3 
622,7.1 
623,8.9 
624,5.9 
625,1.8 
626,8.7 
627,4.0 
628,3.8 
629,3.6 
630,3.3 
631,6.9 
632,5.9 
633,1.7 
634,1.4 
635,5.5 
636,4.8 
637,0.8 
638,8.7 
639,4.0 
640,3.7 
641,7.6 
642,4.8 
643,4.6 
644,8.4 
645,7.7 
646,7.3 
647,7.0 
648,6.9 
649,6.6 
650,2.5 
651,2.7 
652,1.2 
653,4.9 
654,0.8 
655,0.6 
656,8.4 
657,8.0 
658,7.8 
659,7.6 
660,7.3 
661,7.1 
662,6.9 
663,6.7 
664,6.3 
665,6.0 
666,5.9 
667,5.7 
668,5.4 
669,5.2 
670,4.9 
671,4.8 
672,5.5 
673,4.3 
674,4.1 
675,5.2 
676,3.6 
677,3.3 
678,4.6 
679,2.8 
680,4.1 
681,3.8 
682,2.3 
683,2.1 
684,1.8 
685,1.7 
686,1.3 
687,1.0 
688,0.8 
689,8.5 
690,8.3 
691,8.0 
692,7.6 
693,7.5 
694,7.2 
695,6.9 
696,6.8 
697,6.4 
698,6.1 
699,5.9 
700,5.7 
701,5.4 
702,5.1 
703,5.0 
704,4.7 
705,4.5 
706,4.0 
707,3.9 
708,3.6 
709,3.4 
710,3.0 
711,2.8 
712,2.6 
713,2.4 
714,2.0 
715,1.8 
716,1.6 
717,1.3 
718,1.2 
719,1.0 
720,0.8 
721,8.6 
722,8.3 
723,8.1 
724,7.7 
725,7.4 
726,7.2 
727,7.0 
728,6.7 
729,6.5 
730,6.4 
731,6.0 
732,5.8 
733,5.6 
734,5.8 
735,5.1 
736,4.9 
737,4.7 
738,4.4 
739,4.2 
740,4.0 
741,3.6 
742,3.5 
743,8.0 
744,7.8 
745,7.5 
746,7.2 
747,7.0 
748,6.9 
749,6.6 
750,6.5 
751,6.1 
752,6.0 
753,5.8 
754,5.5 
755,5.3 
756,4.9 
757,4.7 
758,4.3 
759,4.0 
760,3.7 
761,3.5 
762,3.2 
763,3.0 
764,2.7 
765,2.5 
766,2.4 
767,2.1 
768,2.0 
769,1.8 
770,1.4 
771,1.3 
772,1.2 
773,0.8 
774,0.6 
775,8.4 
776,8.0 
777,7.8 
778,7.6 
779,7.4 
780,7.1 
781,7.0 
782,6.7 
783,6.6 
784,6.3 
785,6.3 
786,5.9 
787,5.6 
788,5.2 
789,4.7 
790,4.5 
791,4.3 
792,1.3 
793,1.2 
794,1.0 
795,0.8 
796,0.7 
797,8.4 
798,8.2 
799,8.0 
800,7.8 
801,7.6 
802,7.2 
803,6.9 
804,6.7 
805,6.4 
806,6.2 
807,5.9 
808,5.8 
809,5.5 
810,5.1 
811,4.9 
812,4.8 
813,4.6 
814,4.3 
815,4.1 
816,4.0 
817,3.7 
818,3.5 
819,3.4 
820,3.2 
821,3.0 
822,2.7 
823,2.6 
824,2.4 
825,2.1 
826,1.9 
827,1.6 
828,1.3 
829,1.2 
830,0.9 
831,0.7 
832,0.6 
833,8.5 
834,8.0 
835,7.4 
836,6.9 
837,6.6 
838,6.1 
839,5.9 
840,5.7 
841,5.4 
842,5.1 
843,4.8 
844,4.7 
845,4.4 
846,4.2 
847,3.9 
848,3.6 
849,3.6 
850,3.2 
851,3.0 
852,2.8 
853,2.5 
854,2.3 
855,2.1 
856,1.9 
857,1.7 
858,1.5 
859,1.2 
860,1.0 
861,0.7 
862,0.6 
863,8.3 
864,8.1 
865,10.2 
866,7.7 
867,3.5 
868,3.2 
869,3.0 
870,2.7 
871,2.5 
872,2.3 
873,2.0 
874,1.8 
875,1.4 
876,1.2 
877,1.0 
878,0.7 
879,8.6 
880,0.5 
881,8.0 
882,7.8 
883,7.5 
884,7.3 
885,7.1 
886,6.9 
887,6.5 
888,6.2 
889,6.0 
890,5.9 
891,5.7 
892,5.4 
893,5.1 
894,4.9 
895,4.7 
896,4.5 
897,4.2 
898,4.0 
899,3.8 
900,3.6 
901,3.3 
902,3.1 
903,2.9 
904,2.6 
905,2.5 
906,2.2 
907,2.0 
908,1.8 
909,1.5 
910,1.4 
911,1.1 
912,0.9 
913,0.7 
914,0.6 
915,8.0 
916,7.7 
917,7.5 
918,7.2 
919,7.5 
920,6.9 
921,6.7 
922,6.1 
923,5.9 
924,5.7 
925,5.6 
926,5.3 
927,4.9 
928,4.8 
929,4.5 
930,4.2 
931,3.9 
932,3.7 
933,3.4 
934,3.0 
935,2.8 
936,2.5 
937,2.4 
938,2.1 
939,1.9 
940,1.8 
941,1.5 
942,1.3 
943,1.2 
944,1.0 
945,0.7 
946,8.5 
947,8.3 
948,8.0 
949,7.9 
950,7.6 
951,7.4 
952,7.3 
953,7.1 
954,6.9 
955,6.7 
956,6.4 
957,6.1 
958,5.9 
959,5.7 
960,5.5 
961,5.3 
962,5.1 
963,4.9 
964,4.6 
965,4.5 
966,4.2 
967,4.1 
968,3.8 
969,3.6 
970,3.5 
971,3.2 
972,3.0 
973,2.7 
974,2.5 
975,2.3 
976,2.1 
977,2.0 
978,1.7 
979,1.4 
980,1.3 
981,1.1 
982,0.9 
983,0.7 
984,8.5 
985,8.2 
986,8.1 
987,10.2 
988,7.7 
989,7.4 
990,7.2 
991,7.2 
992,6.8 
993,9.1 
994,6.3 
995,6.0 
996,5.8 
997,5.6 
998,5.3 
999,4.9 
1000,4.6 
1001,4.3 
1002,4.1 
1003,6.6 
1004,3.6 
1005,3.2 
1006,3.0 
1007,2.8 
1008,5.3 
1009,2.5 
1010,4.6 
1011,2.0 
1012,1.8 
1013,1.6 
1014,1.3 
1015,1.2 
1016,1.1 
1017,0.9 
1018,5.6 
1019,5.4 
1020,5.2 
1021,5.1 
1022,4.8 
1023,4.8 
1024,4.5 
1025,4.2 
1026,4.0 
1027,3.6 
1028,3.4 
1029,3.2 
1030,3.0 
1031,2.7 
1032,2.7 
1033,2.4 
1034,2.0 
1035,1.8 
1036,1.6 
1037,1.3 
1038,1.2 
1039,1.1 
1040,0.9 
1041,0.9 
1042,8.4 
1043,8.0 
1044,7.8 
1045,7.6 
1046,7.4 
1047,7.2 
1048,7.1 
1049,6.8 
1050,6.5 
1051,6.4 
1052,6.2 
1053,6.0 
1054,5.8 
1055,5.4 
1056,5.1 
1057,5.0 
1058,4.7 
1059,4.2 
1060,3.9 
1061,3.7 
1062,3.5 
1063,3.3 
1064,3.0 
1065,2.8 
1066,2.6 
1067,2.4 
1068,1.9 
1069,1.8 
1070,1.6 
1071,1.4 
1072,1.2 
1073,0.9 
1074,7.5 
1075,7.2 
1076,7.1 
1077,7.0 
1078,6.8 
1079,6.6 
1080,6.3 
1081,6.1 
1082,6.0 
1083,5.7 
1084,1.4 
1085,1.3 
1086,1.0 
1087,0.9 
1088,8.6 
1089,0.5 
1090,8.2 
1091,8.0 
1092,7.7 
1093,7.6 
1094,7.3 
1095,7.2 
1096,7.0 
1097,6.8 
1098,6.5 
1099,6.2 
1100,5.9 
1101,5.7 
1102,5.5 
1103,5.2 
1104,4.9 
1105,1004.6 
1106,1004.3 
1107,1004.1 
1108,1003.9 
1109,1003.6 
1110,1003.4 
1111,1003.1 
1112,1003.0 
1113,1002.7 
1114,1002.5 
1115,1002.4 
1116,1002.2 
1117,1001.9 
1118,1001.7 
1119,1001.5 
1120,1001.3 
1121,1001.2 
1122,1000.9 
1123,1000.6 
1124,1008.2 
1125,7.9 
1126,7.7 
1127,7.5 
1128,7.3 
1129,7.1 
1130,6.8 
1131,6.8 
1132,6.4 
1133,6.3 
1134,6.0 
1135,6.0 
1136,5.6 
1137,5.2 
1138,4.9 
1139,4.8 
1140,4.7 
1141,4.3 
1142,4.2 
1143,3.9 
1144,3.6 
1145,3.5 
1146,3.2 
1147,3.1 
1148,2.8 
1149,2.5 
1150,2.3 
1151,2.2 
1152,2.0 
1153,1.7 
1154,1.4 
1155,1.3 
1156,1.2 
1157,0.9 
1158,0.8 
1159,0.6 
1160,8.4 
1161,8.1 
1162,8.3 
1163,7.5 
1164,8.0 
1165,7.2 
1166,6.9 
1167,6.7 
1168,6.5 
1169,6.2 
1170,6.3 
1171,5.9 
1172,5.5 
1173,5.3 
1174,5.0 
1175,4.7 
1176,4.3 
1177,3.5 
1178,4.2 
1179,2.9 
1180,2.6 
1181,6.8 
1182,6.2 
1183,6.0 
1184,5.7 
1185,5.5 
1186,5.0 
1187,4.8 
1188,4.5 
1189,4.3 
1190,3.9 
1191,3.7 
1192,3.4 
1193,3.2 
1194,3.0 
1195,2.8 
1196,6.6 
1197,6.4 
1198,6.2 
1199,6.0 
1200,5.5 
1201,5.1 
1202,4.8 
1203,4.6 
1204,6.3 
1205,4.1 
1206,5.8 
1207,3.5 
1208,3.3 
1209,3.0 
1210,2.7 
1211,2.5 
1212,4.1 
1213,2.1 
1214,1.9 
1215,1.7 
1216,1.4 
1217,1.2 
1218,1.1 
1219,0.9 
1220,0.7 
1221,0.6 
1222,8.3 
1223,8.2 
1224,8.0 
1225,7.8 
1226,7.5 
1227,7.3 
1228,7.2 
1229,5.3 
1230,5.1 
1231,4.8 
1232,4.6 
1233,4.5 
1234,4.3 
1235,4.0 
1236,3.7 
1237,3.6 
1238,3.2 
1239,2.9 
1240,2.6 
1241,2.5 
1242,2.4 
1243,1.9 
1244,1.9 
1245,1.5 
1246,1.3 
1247,1.0 
1248,0.9 
1249,0.6 
1250,8.3 
1251,8.0 
1252,7.8 
1253,7.4 
1254,7.2 
1255,7.2 
1256,6.9 
1257,6.6 
1258,6.4 
1259,6.1 
1260,5.9 
1261,5.7 
1262,5.4 
1263,5.2 
1264,4.9 
1265,4.7 
1266,4.4 
1267,4.2 
1268,4.1 
1269,3.7 
1270,3.6 
1271,3.3 
1272,3.1 
1273,2.9 
1274,2.6 
1275,2.4 
1276,2.2 
1277,1.9 
1278,1.6 
1279,1.5 
1280,1.2 
1281,1.0 
1282,0.7 
1283,0.7 
1284,0.8 
1285,8.0 
1286,7.8 
1287,7.6 
1288,7.4 
1289,7.3 
1290,7.0 
1291,6.8 
1292,6.5 
1293,6.2 
1294,6.0 
1295,6.2 
1296,5.7 
1297,5.4 
1298,5.2 
1299,4.9 
1300,4.8 
1301,4.5 
1302,4.4 
1303,4.2 
1304,4.0 
1305,3.6 
1306,3.3 
1307,3.1 
1308,2.9 
1309,2.8 
1310,2.5 
1311,2.4 
1312,2.2 
1313,1.9 
1314,1.7 
1315,1.3 
1316,1.0 
1317,0.8 
1318,0.6 
1319,8.5 
1320,0.5 
1321,8.1 
1322,7.8 
1323,7.7 
1324,7.5 
1325,7.3 
1326,7.1 
1327,6.9 
1328,6.6 
1329,6.5 
1330,6.1 
1331,5.9 
1332,5.8 
1333,5.4 
1334,4.8 
1335,4.6 
1336,4.3 
1337,4.1 
1338,3.8 
1339,3.6 
1340,3.4 
1341,3.2 
1342,2.8 
1343,2.8 
1344,2.5 
1345,2.3 
1346,2.0 
1347,1.8 
1348,1.4 
1349,1.3 
1350,1.0 
1351,0.8 
1352,8.5 
1353,8.3 
1354,8.1 
1355,7.8 
1356,7.5 
1357,7.3 
1358,7.1 
1359,6.9 
1360,6.7 
1361,6.6 
1362,6.3 
1363,6.1 
1364,5.9 
1365,5.6 
1366,5.5 
1367,5.3 
1368,4.9 
1369,4.7 
1370,4.5 
1371,4.2 
1372,4.0 
1373,3.7 
1374,3.4 
1375,3.2 
1376,3.0 
1377,6.0 
1378,2.6 
1379,2.4 
1380,2.1 
1381,2.0 
1382,1.8 
1383,1.3 
1384,1.2 
1385,0.9 
1386,0.8 
1387,0.9 
1388,8.4 
1389,8.3 
1390,8.1 
1391,7.9 
1392,4.5 
1393,4.3 
1394,4.1 
1395,3.7 
1396,3.6 
1397,3.3 
1398,3.1 
1399,3.0 
1400,2.7 
1401,2.4 
1402,2.4 
1403,2.1 
1404,1.8 
1405,1.5 
1406,1.3 
1407,1.0 
1408,0.9 
1409,0.8 
1410,8.5 
1411,8.2 
1412,8.1 
1413,7.7 
1414,7.5 
1415,8.3 
1416,7.2 
1417,6.9 
1418,6.7 
1419,8.0 
1420,6.0 
1421,5.9 
1422,5.6 
1423,5.3 
1424,4.9 
1425,4.7 
1426,4.4 
1427,4.3 
1428,4.0 
1429,3.8 
1430,3.7 
1431,4.4 
1432,3.2 
1433,3.0 
1434,2.8 
1435,2.5 
1436,2.5 
1437,2.2 
1438,1.9 
1439,2.1 
1440,1.5 
1441,1.2 
1442,6.4 
1443,6.3 
1444,6.1 
1445,6.0 
1446,5.8 
1447,5.5 
1448,5.3 
1449,4.9 
1450,4.7 
1451,4.5 
1452,4.3 
1453,3.9 
1454,3.7 
1455,3.6 
1456,3.3 
1457,3.0 
1458,2.8 
1459,2.5 
1460,2.3 
1461,2.1 
1462,1.8 
1463,1.7 
1464,1.4 
1465,1.3 
1466,1.1 
1467,0.9 
1468,0.7 
1469,0.5 
1470,8.3 
1471,8.0 
1472,7.8 
1473,7.5 
1474,7.3 
1475,7.2 
1476,7.0 
1477,6.7 
1478,6.6 
1479,6.3 
1480,6.2 
1481,5.8 
1482,5.7 
1483,5.4 
1484,5.2 
1485,5.0 
1486,4.7 
1487,4.5 
1488,4.1 
1489,3.8 
1490,3.4 
1491,3.1 
1492,2.8 
1493,2.6 
1494,2.4 
1495,2.1 
1496,2.0 
1497,1.7 
1498,1.5 
1499,1.3 
1500,1.0 
1501,0.8 
1502,0.6 
1503,0.6 
1504,8.2 
1505,8.0 
1506,7.9 
1507,7.7 
1508,7.5 
1509,7.3 
1510,7.1 
1511,7.0 
1512,6.6 
1513,6.2 
1514,6.1 
1515,5.8 
1516,5.6 
1517,5.3 
1518,5.1 
1519,4.9 
1520,4.7 
1521,4.4 
1522,4.1 
1523,3.7 
1524,3.6 
1525,3.3 
1526,3.0 
1527,2.8 
1528,2.5 
1529,2.3 
1530,2.1 
1531,1.9 
1532,1.7 
1533,1.4 
1534,1.2 
1535,1.0 
1536,0.8 
1537,0.6 
1538,8.4 
1539,0.5 
1540,8.0 
1541,7.9 
1542,7.7 
1543,7.6 
1544,7.2 
1545,6.9 
1546,6.7 
1547,6.5 
1548,3.4 
1549,3.3 
1550,2.9 
1551,2.7 
1552,2.5 
1553,2.4 
1554,2.2 
1555,1.8 
1556,1.6 
1557,1.4 
1558,1.2 
1559,1.1 
1560,0.8 
1561,0.6 
1562,10.8 
1563,10.4 
1564,7.7 
1565,7.5 
1566,7.3 
1567,9.2 
1568,7.0 
1569,6.9 
1570,6.9 
1571,6.2 
1572,8.1 
1573,5.9 
1574,5.7 
1575,5.3 
1576,5.0 
1577,7.0 
1578,8.6 
1579,8.3 
1580,8.1 
1581,7.8 
1582,7.6 
1583,7.4 
1584,7.2 
1585,6.8 
1586,6.6 
1587,6.5 
1588,6.3 
1589,5.9 
1590,5.8 
1591,5.5 
1592,5.2 
1593,1.8 
1594,1.3 
1595,1.1 
1596,0.8 
1597,0.7 
1598,8.4 
1599,8.2 
1600,8.0 
1601,7.9 
1602,7.6 
1603,7.3 
1604,7.2 
1605,7.0 
1606,6.8 
1607,6.5 
1608,6.2 
1609,6.0 
1610,5.9 
1611,5.6 
1612,5.4 
1613,5.1 
1614,4.8 
1615,4.5 
1616,4.3 
1617,4.0 
1618,3.6 
1619,3.4 
1620,3.3 
1621,3.0 
1622,2.8 
1623,2.5 
1624,2.3 
1625,2.2 
1626,1.9 
1627,1.7 
1628,1.5 
1629,1.3 
1630,0.9 
1631,0.7 
1632,0.7 
1633,8.3 
1634,8.2 
1635,8.0 
1636,7.8 
1637,7.5 
1638,7.2 
1639,7.1 
1640,6.9 
1641,6.6 
1642,6.5 
1643,6.2 
1644,5.9 
1645,5.7 
1646,5.4 
1647,5.1 
1648,4.9 
1649,4.8 
1650,4.5 
1651,4.2 
1652,3.3 
1653,3.0 
1654,2.9 
1655,2.7 
1656,2.6 
1657,2.3 
1658,2.0 
1659,1.6 
1660,1.4 
1661,1.2 
1662,1.1 
1663,0.9 
1664,0.8 
1665,0.5 
1666,8.1 
1667,8.0 
1668,7.9 
1669,7.6 
1670,7.4 
1671,7.0 
1672,6.8 
1673,6.7 
1674,6.4 
1675,8.2 
1676,6.0 
1677,5.6 
1678,5.3 
1679,5.1 
1680,4.8 
1681,4.6 
1682,4.4 
1683,4.3 
1684,3.9 
1685,3.7 
1686,3.5 
1687,3.3 
1688,2.9 
1689,2.6 
1690,2.5 
1691,3.9 
1692,1.9 
1693,1.7 
1694,1.5 
1695,1.3 
1696,6.2 
1697,5.9 
1698,5.8 
1699,5.5 
1700,5.2 
1701,5.1 
1702,4.8 
1703,4.6 
1704,4.4 
1705,3.9 
1706,3.8 
1707,3.7 
1708,3.4 
1709,3.1 
1710,2.9 
1711,2.7 
1712,2.5 
1713,2.2 
1714,2.0 
1715,1.7 
1716,1.5 
1717,1.3 
1718,1.1 
1719,0.9 
1720,0.7 
1721,0.6 
1722,8.2 
1723,8.0 
1724,7.9 
1725,7.6 
1726,7.4 
1727,7.2 
1728,7.0 
1729,6.9 
1730,6.6 
1731,6.4 
1732,6.1 
1733,6.0 
1734,5.9 
1735,5.5 
1736,5.2 
1737,4.9 
1738,4.6 
1739,4.3 
1740,4.1 
1741,3.8 
1742,3.6 
1743,3.4 
1744,3.2 
1745,3.0 
1746,2.9 
1747,2.5 
1748,2.3 
1749,2.1 
1750,2.0 
1751,1.9 
1752,1.7 
1753,1.4 
1754,1.3 
1755,1.2 
1756,0.9 
1757,0.8 
1758,8.4 
1759,8.3 
1760,8.0 
1761,7.7 
1762,7.4 
1763,7.3 
1764,7.0 
1765,6.9 
1766,6.6 
1767,6.3 
1768,6.1 
1769,5.8 
1770,5.6 
1771,5.3 
1772,5.1 
1773,4.9 
1774,4.6 
1775,4.4 
1776,4.1 
1777,3.8 
1778,3.7 
1779,3.1 
1780,2.9 
1781,2.5 
1782,2.4 
1783,2.2 
1784,2.0 
1785,1.8 
1786,1.6 
1787,1.4 
1788,1.3 
1789,1.1 
1790,0.8 
1791,0.6 
1792,8.5 
1793,8.2 
1794,8.0 
1795,7.8 
1796,7.6 
1797,7.2 
1798,7.2 
1799,7.0 
1800,6.7 
1801,6.6 
1802,6.4 
1803,6.1 
1804,5.9 
1805,5.7 
1806,5.5 
1807,5.2 
1808,5.0 
1809,4.7 
1810,4.6 
1811,4.4 
1812,4.2 
1813,3.8 
1814,3.6 
1815,3.4 
1816,3.1 
1817,2.8 
1818,2.6 
1819,2.4 
1820,2.2 
1821,1.6 
1822,1.3 
1823,1.2 
1824,1.0 
1825,0.7 
1826,0.5 
1827,10.8 
1828,8.0 
1829,7.9 
1830,7.7 
1831,7.4 
1832,7.2 
1833,7.0 
1834,9.4 
1835,6.4 
1836,8.6 
1837,8.9 
1838,5.7 
1839,7.8 
1840,5.2 
1841,4.9 
1842,4.8 
1843,4.5 
1844,4.2 
1845,3.8 
1846,3.7 
1847,3.4 
1848,3.0 
1849,5.2 
1850,5.0 
1851,2.4 
1852,5.0 
1853,4.6 
1854,4.3 
1855,1.6 
1856,1.4 
1857,3.7 
1858,1.0 
1859,3.3 
1860,5.2 
1861,4.9 
1862,4.8 
1863,4.6 
1864,4.2 
1865,4.1 
1866,3.8 
1867,3.6 
1868,3.3 
1869,3.0 
1870,2.7 
1871,2.4 
1872,2.3 
1873,2.0 
1874,1.8 
1875,1.6 
1876,1.3 
1877,1.2 
1878,5.1 
1879,4.8 
1880,4.5 
1881,4.2 
1882,4.0 
1883,3.7 
1884,3.7 
1885,3.3 
1886,3.2 
1887,2.8 
1888,2.6 
1889,2.5 
1890,2.2 
1891,1.9 
1892,1.6 
1893,1.4 
1894,1.1 
1895,0.9 
1896,0.7 
1897,0.6 
1898,8.3 
1899,8.1 
1900,7.6 
1901,7.3 
1902,7.2 
1903,7.1 
1904,3.7 
1905,3.6 
1906,3.3 
1907,3.1 
1908,2.8 
1909,2.6 
1910,2.4 
1911,2.1 
1912,1.9 
1913,1.7 
1914,1.4 
1915,1.2 
1916,1.2 
1917,1.0 
1918,0.8 
1919,0.7 
1920,8.4 
1921,8.1 
1922,7.9 
1923,7.5 
1924,7.3 
1925,7.1 
1926,6.9 
1927,6.6 
1928,6.4 
1929,6.1 
1930,6.0 
1931,5.7 
1932,5.3 
1933,5.1 
1934,4.9 
1935,4.7 
1936,4.4 
1937,4.3 
1938,3.9 
1939,3.7 
1940,3.5 
1941,3.3 
1942,3.1 
1943,4.5 
1944,2.5 
1945,2.2 
1946,2.0 
1947,4.1 
1948,1.4 
1949,1.2 
1950,1.1 
1951,0.8 
1952,0.7 
1953,8.4 
1954,8.3 
1955,8.0 
1956,6.2 
1957,6.0 
1958,5.9 
1959,5.5 
1960,5.4 
1961,5.5 
1962,5.0 
1963,4.7 
1964,4.5 
1965,4.3 
1966,4.0 
1967,3.7 
1968,3.7 
1969,3.3 
1970,3.0 
1971,2.9 
1972,2.6 
1973,2.4 
1974,2.2 
1975,2.0 
1976,1.9 
1977,1.7 
1978,1.3 
1979,1.2 
1980,1.0 
1981,0.7 
1982,0.6 
1983,8.4 
1984,8.0 
1985,7.5 
1986,7.3 
1987,7.1 
1988,6.9 
1989,6.7 
1990,6.5 
1991,6.3 
1992,5.7 
1993,5.4 
1994,5.2 
1995,5.0 
1996,4.8 
1997,4.5 
1998,4.4 
1999,4.0 
2000,3.7 
2001,8.5 
2002,0.6 
2003,8.0 
2004,7.9 
2005,7.6 
2006,7.3 
2007,7.1 
2008,6.9 
2009,6.7 
2010,6.5 
2011,6.3 
2012,6.1 
2013,5.9 
2014,5.6 
2015,5.5 
2016,5.2 
2017,5.0 
2018,4.6 
2019,4.3 
2020,4.2 
2021,3.9 
2022,3.7 
2023,3.6 
2024,3.3 
2025,3.1 
2026,6.8 
2027,6.5 
2028,6.2 
2029,6.1 
2030,5.8 
2031,5.6 
2032,5.4 
2033,5.1 
2034,5.6 
2035,4.5 
2036,4.4 
2037,4.1 
2038,3.8 
2039,3.6 
2040,3.3 
2041,3.8 
2042,2.6 
2043,3.9 
2044,2.2 
2045,2.1 
2046,1.7 
2047,7.2 
2048,6.5 
2049,6.3 
2050,6.1 
2051,6.0 
2052,5.8 
2053,5.6 
2054,5.4 
2055,5.2 
2056,4.8 
2057,4.6 
2058,4.3 
2059,3.9 
2060,3.8 
2061,3.3 
2062,3.3 
2063,3.0 
2064,2.7 
2065,2.5 
2066,2.4 
2067,2.3 
2068,2.1 
2069,1.9 
2070,1.7 
2071,1.4 
2072,1.3 
2073,1.1 
2074,0.9 
2075,0.7 
2076,8.3 
2077,8.0 
2078,7.8 
2079,7.6 
2080,7.3 
2081,7.1 
2082,6.9 
2083,6.8 
2084,6.6 
2085,6.1 
2086,5.9 
2087,5.6 
2088,5.3 
2089,5.2 
2090,5.0 
2091,4.8 
2092,4.6 
2093,4.3 
2094,1.3 
2095,1.1 
2096,0.8 
2097,0.7 
2098,8.5 
2099,8.2 
2100,8.2 
2101,8.0 
2102,7.7 
2103,7.4 
2104,7.3 
2105,7.0 
2106,7.1 
2107,6.7 
2108,6.5 
2109,6.2 
2110,6.2 
2111,5.9 
2112,5.6 
2113,5.6 
2114,5.3 
2115,5.1 
2116,4.9 
2117,4.7 
2118,4.5 
2119,4.2 
2120,3.9 
2121,3.6 
2122,3.5 
2123,3.2 
2124,3.1 
2125,2.8 
2126,2.6 
2127,2.5 
2128,2.0 
2129,1.8 
2130,1.5 
2131,1.3 
2132,1.1 
2133,0.8 
2134,0.6 
2135,0.7 
2136,8.4 
2137,8.2 
2138,7.6 
2139,7.3 
2140,7.3 
2141,3.9 
2142,3.2 
2143,3.1 
2144,2.8 
2145,2.6 
2146,2.3 
2147,2.2 
2148,1.8 
2149,1.6 
2150,1.3 
2151,1.1 
2152,0.9 
2153,0.6 
2154,8.3 
2155,8.1 
2156,7.9 
2157,7.6 
2158,7.4 
2159,7.2 
2160,7.0 
2161,6.7 
2162,6.6 
2163,6.4 
2164,6.1 
2165,5.9 
2166,5.8 
2167,5.5 
2168,5.3 
2169,5.0 
2170,4.9 
2171,4.7 
2172,4.4 
2173,4.1 
2174,3.8 
2175,3.6 
2176,3.5 
2177,3.2 
2178,3.1 
2179,2.9 
2180,2.6 
2181,2.5 
2182,2.2 
2183,2.0 
2184,1.8 
2185,1.6 
2186,6.4 
2187,6.0 
2188,5.9 
2189,5.6 
2190,5.6 
2191,5.3 
2192,5.0 
2193,4.8 
2194,4.7 
2195,4.5 
2196,4.2 
2197,3.7 
2198,3.6 
2199,3.4 
2200,3.0 
2201,2.6 
2202,2.4 
2203,2.1 
2204,1.8 
2205,1.6 
2206,1.5 
2207,1.4 
2208,1.2 
2209,1.1 
2210,0.8 
2211,0.7 
2212,8.5 
2213,8.3 
2214,8.0 
2215,7.9 
2216,7.6 
2217,7.4 
2218,7.0 
2219,6.9 
2220,6.7 
2221,6.6 
2222,6.3 
2223,6.1 
2224,5.8 
2225,5.7 
2226,5.5 
2227,5.3 
2228,4.9 
2229,4.7 
2230,4.5 
2231,4.3 
2232,4.0 
2233,3.7 
2234,3.6 
2235,3.3 
2236,3.1 
2237,0.8 
2238,8.0 
2239,7.8 
2240,7.6 
2241,7.4 
2242,7.2 
2243,7.0 
2244,6.8 
2245,6.6 
2246,6.4 
2247,6.1 
2248,5.9 
2249,5.7 
2250,5.5 
2251,5.2 
2252,4.9 
2253,4.6 
2254,4.5 
2255,4.4 
2256,4.0 
2257,3.7 
2258,3.5 
2259,3.2 
2260,3.1 
2261,2.7 
2262,2.5 
2263,2.3 
2264,2.1 
2265,1.9 
2266,1.6 
2267,1.3 
2268,1.2 
2269,0.9 
2270,0.8 
2271,8.5 
2272,8.3 
2273,8.0 
2274,7.9 
2275,7.6 
2276,7.4 
2277,7.2 
2278,7.0 
2279,6.8 
2280,6.5 
2281,6.1 
2282,3.3 
2283,3.0 
2284,2.9 
2285,2.6 
2286,2.5 
2287,2.2 
2288,2.0 
2289,1.9 
2290,1.7 
2291,1.5 
2292,1.3 
2293,1.1 
2294,0.9 
2295,0.6 
2296,0.7 
2297,11.1 
2298,10.4 
2299,7.9 
2300,7.7 
2301,7.4 
2302,7.2 
2303,6.9 
2304,6.7 
2305,6.6 
2306,8.9 
2307,8.4 
2308,5.9 
2309,8.0 
2310,5.4 
2311,5.2 
2312,5.0 
2313,4.8 
2314,7.0 
2315,4.3 
2316,4.0 
2317,3.8 
2318,3.6 
2319,5.6 
2320,5.4 
2321,5.8 
2322,2.6 
2323,2.3 
2324,2.2 
2325,4.3 
2326,4.6 
2327,1.4 
2328,1.2 
2329,0.9 
2330,0.8 
2331,0.7 
2332,5.7 
2333,5.5 
2334,5.4 
2335,5.2 
2336,4.9 
2337,4.7 
2338,4.6 
2339,4.3 
2340,4.2 
2341,3.9 
2342,3.7 
2343,3.6 
2344,3.3 
2345,3.0 
2346,2.8 
2347,2.5 
2348,2.4 
2349,2.2 
2350,2.0 
2351,1.7 
2352,1.5 
2353,1.3 
2354,1.2 
2355,0.9 
2356,0.6 
2357,8.4 
2358,8.1 
2359,7.9 
2360,7.6 
2361,7.8 
2362,7.2 
2363,7.0 
2364,6.9 
2365,6.6 
2366,6.2 
2367,6.0 
2368,5.9 
2369,5.6 
2370,5.4 
2371,5.2 
2372,5.7 
2373,4.9 
2374,4.7 
2375,4.4 
2376,4.2 
2377,3.9 
2378,4.1 
2379,3.5 
2380,8.1 
2381,7.7 
2382,7.5 
2383,7.3 
2384,7.1 
2385,6.8 
2386,6.4 
2387,6.3 
2388,6.0 
2389,5.9 
2390,5.5 
2391,5.3 
2392,5.3 
2393,5.0 
2394,4.7 
2395,4.5 
2396,4.3 
2397,4.1 
2398,3.7 
2399,3.6 
2400,3.3 
2401,3.1 
2402,2.9 
2403,2.7 
2404,2.4 
2405,2.3 
2406,2.2 
2407,2.0 
2408,1.8 
2409,1.3 
2410,1.2 
2411,1.0 
2412,0.8 
2413,8.4 
2414,8.0 
2415,7.7 
2416,7.6 
2417,7.3 
2418,7.1 
2419,6.9 
2420,6.8 
2421,6.6 
2422,6.4 
2423,6.0 
2424,5.8 
2425,5.6 
2426,5.4 
2427,5.1 
2428,4.8 
2429,4.5 
2430,2.5 
2431,2.5 
2432,2.0 
2433,2.0 
2434,1.8 
2435,1.6 
2436,1.4 
2437,1.2 
2438,1.0 
2439,0.7 
2440,0.6 
2441,11.7 
2442,0.5 
2443,7.9 
2444,7.8 
2445,7.6 
2446,7.4 
2447,7.0 
2448,6.9 
2449,6.7 
2450,6.5 
2451,6.2 
2452,6.0 
2453,5.8 
2454,5.5 
2455,5.3 
2456,5.0 
2457,4.9 
2458,4.7 
2459,4.4 
2460,4.3 
2461,4.0 
2462,3.8 
2463,3.6 
2464,3.4 
2465,6.0 
2466,2.8 
2467,2.5 
2468,2.3 
2469,2.1 
2470,5.0 
2471,1.5 
2472,1.2 
2473,1.2 
2474,4.3 
2475,3.7 
2476,8.5 
2477,0.5 
2478,8.3 
2479,5.0 
2480,4.8 
2481,4.4 
2482,4.0 
2483,3.5 
2484,3.2 
2485,2.9 
2486,2.8 
2487,2.5 
2488,2.4 
2489,2.0 
2490,1.8 
2491,1.6 
2492,1.4 
2493,1.3 
2494,1.1 
2495,0.8 
2496,0.7 
2497,8.4 
2498,8.3 
2499,8.1 
2500,7.8 
2501,7.6 
2502,7.4 
2503,7.2 
2504,6.9 
2505,6.8 
2506,6.7 
2507,6.5 
2508,6.2 
2509,5.9 
2510,6.6 
2511,5.4 
2512,5.1 
2513,4.9 
2514,4.7 
2515,4.4 
2516,4.8 
2517,4.6 
2518,3.8 
2519,3.7 
2520,3.4 
2521,3.1 
2522,2.6 
2523,2.5 
2524,2.4 
2525,2.1 
2526,2.0 
2527,1.8 
2528,5.5 
2529,5.2 
2530,5.0 
2531,4.9 
2532,4.9 
2533,4.5 
2534,4.3 
2535,3.1 
2536,3.0 
2537,2.8 
2538,2.5 
2539,2.3 
2540,2.0 
2541,1.8 
2542,1.7 
2543,1.5 
2544,1.2 
2545,1.0 
2546,0.8 
2547,0.6 
2548,10.8 
2549,8.1 
2550,10.5 
2551,7.6 
2552,7.4 
2553,9.2 
2554,7.0 
2555,6.7 
2556,8.6 
2557,6.3 
2558,5.9 
2559,5.8 
2560,5.7 
2561,5.4 
2562,5.1 
2563,7.1 
2564,4.6 
2565,6.7 
2566,4.2 
2567,3.7 
2568,5.5 
2569,3.3 
2570,3.2 
2571,2.9 
2572,4.7 
2573,2.4 
2574,4.2 
2575,4.4 
2576,4.0 
2577,1.3 
2578,5.9 
2579,5.8 
2580,5.4 
2581,5.2 
2582,4.9 
2583,4.7 
2584,4.6 
2585,4.4 
2586,4.2 
2587,4.0 
2588,3.8 
2589,3.6 
2590,3.3 
2591,3.2 
2592,3.0 
2593,2.7 
2594,2.6 
2595,2.4 
2596,2.4 
2597,2.1 
2598,1.9 
2599,1.7 
2600,1.4 
2601,1.2 
2602,1.0 
2603,0.9 
2604,0.7 
2605,0.5 
2606,8.0 
2607,7.9 
2608,7.7 
2609,7.5 
2610,7.2 
2611,7.2 
2612,6.9 
2613,6.6 
2614,6.7 
2615,6.1 
2616,6.1 
2617,5.7 
2618,5.5 
2619,5.2 
2620,5.0 
2621,4.7 
2622,4.4 
2623,4.2 
2624,4.1 
2625,3.7 
2626,3.6 
2627,3.4 
2628,3.1 
2629,2.8 
2630,2.5 
2631,2.4 
2632,2.2 
2633,2.0 
2634,1.8 
2635,1.6 
2636,1.3 
2637,1.2 
2638,0.9 
2639,0.7 
2640,8.2 
2641,8.0 
2642,7.7 
2643,7.5 
2644,7.3 
2645,7.1 
2646,6.8 
2647,6.7 
2648,6.6 
2649,6.4 
2650,6.2 
2651,6.0 
2652,5.8 
2653,5.7 
2654,5.4 
2655,5.3 
2656,5.0 
2657,4.8 
2658,4.6 
2659,4.3 
2660,4.0 
2661,3.8 
2662,3.6 
2663,3.4 
2664,3.1 
2665,2.8 
2666,2.5 
2667,2.3 
2668,2.1 
2669,1.9 
2670,1.7 
2671,1.4 
2672,1.2 
2673,1.0 
2674,0.8 
2675,0.6 
2676,0.4 
2677,8.0 
2678,7.7 
2679,7.5 
2680,7.3 
2681,6.9 
2682,6.7 
2683,6.4 
2684,6.4 
2685,6.0 
2686,5.9 
2687,5.7 
2688,3.3 
2689,3.0 
2690,2.8 
2691,2.6 
2692,2.2 
2693,2.1 
2694,2.1 
2695,1.7 
2696,1.6 
2697,1.3 
2698,1.1 
2699,1.0 
2700,8.6 
2701,8.4 
2702,8.1 
2703,7.8 
2704,7.6 
2705,7.4 
2706,7.2 
2707,6.9 
2708,6.7 
2709,6.6 
2710,6.3 
2711,6.0 
2712,5.9 
2713,1.7 
2714,1.4 
2715,1.2 
2716,1.0 
2717,0.7 
2718,8.5 
2719,8.3 
2720,7.7 
2721,7.5 
2722,7.2 
2723,7.1 
2724,6.8 
2725,6.6 
2726,6.3 
2727,6.0 
2728,5.9 
2729,5.6 
2730,5.4 
2731,5.2 
2732,5.1 
2733,4.8 
2734,4.7 
2735,4.5 
2736,4.1 
2737,3.8 
2738,3.7 
2739,3.6 
2740,2.5 
2741,2.4 
2742,2.3 
2743,2.0 
2744,1.8 
2745,1.6 
2746,1.3 
2747,1.2 
2748,1.0 
2749,0.8 
2750,0.6 
2751,8.4 
2752,8.3 
2753,8.0 
2754,7.9 
2755,7.7 
2756,7.5 
2757,7.2 
2758,6.9 
2759,6.7 
2760,6.4 
2761,6.3 
2762,6.0 
2763,5.7 
2764,5.6 
2765,5.3 
2766,5.1 
2767,4.8 
2768,4.4 
2769,4.2 
2770,4.0 
2771,3.7 
2772,3.5 
2773,3.2 
2774,2.9 
2775,2.7 
2776,2.4 
2777,5.2 
2778,2.0 
2779,1.9 
2780,1.8 
2781,4.4 
2782,1.3 
2783,1.1 
2784,0.9 
2785,0.7 
2786,8.4 
2787,8.2 
2788,8.0 
2789,7.7 
2790,7.5 
2791,7.2 
2792,6.9 
2793,6.7 
2794,6.3 
2795,6.1 
2796,5.9 
2797,5.6 
2798,5.4 
2799,5.2 
2800,4.9 
2801,4.7 
2802,4.3 
2803,4.2 
2804,4.0 
2805,3.9 
2806,3.6 
2807,3.2 
2808,3.1 
2809,2.8 
2810,2.6 
2811,2.5 
2812,2.2 
2813,2.0 
2814,1.8 
2815,1.5 
2816,1.3 
2817,1.1 
2818,0.9 
2819,0.8 
2820,0.7 
2821,8.4 
2822,8.0 
2823,8.0 
2824,7.4 
2825,7.2 
2826,7.0 
2827,6.9 
2828,6.7 
2829,6.4 
2830,6.2 
2831,5.9 
2832,5.5 
2833,5.3 
2834,5.1 
2835,4.8 
2836,4.6 
2837,4.2 
2838,3.8 
2839,3.6 
2840,3.4 
2841,8.1 
2842,7.8 
2843,7.6 
2844,7.3 
2845,7.1 
2846,6.9 
2847,6.6 
2848,6.4 
2849,6.2 
2850,6.2 
2851,5.8 
2852,5.5 
2853,4.9 
2854,4.6 
2855,4.3 
2856,4.3 
2857,4.0 
2858,3.7 
2859,3.7 
2860,3.4 
2861,3.1 
2862,2.8 
2863,2.5 
2864,2.4 
2865,2.0 
2866,1.8 
2867,1.5 
2868,1.3 
2869,1.2 
2870,1.0 
2871,0.8 
2872,8.5 
2873,8.3 
2874,8.0 
2875,7.9 
2876,7.6 
2877,7.5 
2878,7.4 
2879,7.1 
2880,3.5 
2881,3.2 
2882,3.0 
2883,2.6 
2884,2.4 
2885,2.2 
2886,2.0 
2887,1.8 
2888,1.6 
2889,1.4 
2890,1.2 
2891,0.8 
2892,0.7 
2893,8.5 
2894,8.3 
2895,8.1 
2896,7.7 
2897,7.3 
2898,9.0 
2899,7.1 
2900,6.7 
2901,6.5 
2902,6.3 
2903,6.1 
2904,6.0 
2905,5.8 
2906,5.5 
2907,5.2 
2908,5.0 
2909,4.8 
2910,4.7 
2911,4.4 
2912,4.1 
2913,3.8 
2914,3.6 
2915,3.4 
2916,3.1 
2917,2.9 
2918,2.6 
2919,2.4 
2920,2.3 
2921,2.1 
2922,1.9 
2923,6.5 
2924,6.3 
2925,6.2 
2926,5.8 
2927,5.6 
2928,5.2 
2929,5.1 
2930,5.0 
2931,4.7 
2932,4.4 
2933,4.3 
2934,4.0 
2935,3.8 
2936,3.6 
2937,3.1 
2938,2.8 
2939,2.4 
2940,2.3 
2941,2.0 
2942,1.8 
2943,1.5 
2944,1.4 
2945,0.8 
2946,0.7 
2947,8.5 
2948,8.2 
2949,8.1 
2950,7.8 
2951,7.6 
2952,7.4 
2953,7.2 
2954,7.0 
2955,6.7 
2956,6.4 
2957,5.8 
2958,5.5 
2959,5.3 
2960,5.0 
2961,4.7 
2962,4.5 
2963,4.4 
2964,4.0 
2965,3.8 
2966,3.5 
2967,3.3 
2968,3.1 
2969,2.6 
2970,8.1 
2971,7.8 
2972,7.6 
2973,7.4 
2974,7.3 
2975,7.1 
2976,6.9 
2977,6.7 
2978,6.4 
2979,6.2 
2980,6.0 
2981,5.8 
2982,5.5 
2983,5.3 
2984,5.2 
2985,5.1 
2986,4.8 
2987,4.6 
2988,4.5 
2989,4.3 
2990,4.0 
2991,3.8 
2992,3.6 
2993,3.4 
2994,3.1 
2995,2.9 
2996,2.7 
2997,2.5 
2998,2.3 
2999,2.2 
3000,2.0 
3001,1.8 
3002,1.5 
3003,1.3 
3004,1.2 
3005,0.9 
3006,0.8 
3007,0.7 
3008,8.4 
3009,8.2 
3010,8.1 
3011,7.6 
3012,7.4 
3013,7.3 
3014,3.9 
3015,3.6 
3016,3.4 
3017,3.2 
3018,2.8 
3019,2.5 
3020,2.3 
3021,2.3 
3022,1.8 
3023,1.7 
3024,1.5 
3025,1.4 
3026,1.4 
3027,9.9 
3028,9.6 
3029,9.3 
3030,7.5 
3031,7.3 
3032,8.0 
3033,6.5 
3034,6.0 
3035,7.4 
3036,6.3 
3037,5.9 
3038,5.7 
3039,4.9 
3040,4.3 
3041,3.9 
3042,3.8 
3043,3.5 
3044,4.3 
3045,3.1 
3046,3.0 
3047,4.0 
3048,7.1 
3049,6.7 
3050,6.6 
3051,6.3 
3052,6.0 
3053,6.0 
3054,5.7 
3055,5.4 
3056,5.1 
3057,5.0 
3058,4.7 
3059,4.5 
3060,4.2 
3061,3.9 
3062,3.6 
3063,3.3 
3064,3.2 
3065,2.9 
3066,2.6 
3067,2.4 
3068,2.1 
3069,2.1 
3070,1.6 
3071,1.3 
3072,1.0 
3073,0.9 
3074,8.6 
3075,8.3 
3076,8.2 
3077,7.9 
3078,7.7 
3079,7.4 
3080,7.2 
3081,6.9 
3082,6.7 
3083,6.4 
3084,6.1 
3085,5.9 
3086,5.7 
3087,5.4 
3088,5.1 
3089,4.8 
3090,4.7 
3091,4.4 
3092,1.8 
3093,1.6 
3094,1.2 
3095,1.1 
3096,0.9 
3097,0.6 
3098,8.3 
3099,8.1 
3100,7.9 
3101,7.7 
3102,7.5 
3103,7.1 
3104,7.2 
3105,6.8 
3106,6.5 
3107,6.4 
3108,6.1 
3109,6.1 
3110,5.7 
3111,5.5 
3112,5.2 
3113,5.0 
3114,4.7 
3115,4.6 
3116,4.3 
3117,4.1 
3118,3.8 
3119,3.5 
3120,3.4 
3121,3.0 
3122,2.8 
3123,2.6 
3124,2.5 
3125,2.3 
3126,2.0 
3127,1.7 
3128,1.5 
3129,1.3 
3130,1.0 
3131,0.8 
3132,0.7 
3133,8.4 
3134,8.1 
3135,7.9 
3136,7.9 
3137,7.3 
3138,4.1 
3139,13.4 
3140,3.7 
3141,11.4 
3142,3.1 
3143,2.8 
3144,2.5 
3145,2.3 
3146,2.1 
3147,1.9 
3148,1.7 
3149,9.6 
3150,1.4 
3151,9.3 
3152,8.5 
3153,8.3 
3154,7.7 
3155,6.6 
3156,7.1 
3157,5.8 
3158,4.9 
3159,4.6 
3160,4.4 
3161,3.5 
3162,4.0 
3163,3.4 
3164,7.2 
3165,6.9 
3166,6.7 
3167,6.0 
3168,5.7 
3169,5.4 
3170,1.2 
3171,1.0 
3172,0.9 
3173,8.6 
3174,7.6 
3175,7.3 
3176,7.1 
3177,6.9 
3178,6.5 
3179,6.4 
3180,6.1 
3181,5.9 
3182,5.7 
3183,5.4 
3184,5.2 
3185,4.6 
3186,4.4 
3187,4.0 
3188,3.9 
3189,3.7 
3190,3.6 
3191,3.3 
3192,3.0 
3193,2.8 
3194,2.5 
3195,2.3 
3196,2.1 
3197,1.9 
3198,1.6 
3199,1.5 
3200,1.2 
3201,1.1 
3202,0.8 
3203,0.7 
3204,0.5 
3205,8.2 
3206,8.0 
3207,7.8 
3208,7.6 
3209,7.4 
3210,7.1 
3211,7.1 
3212,6.8 
3213,6.8 
3214,6.6 
3215,6.3 
3216,6.1 
3217,5.9 
3218,5.7 
3219,5.5 
3220,5.2 
3221,5.0 
3222,4.8 
3223,4.5 
3224,4.4 
3225,4.1 
3226,3.9 
3227,3.7 
3228,3.2 
3229,2.8 
3230,2.5 
3231,2.4 
3232,2.1 
3233,1.9 
3234,1.5 
3235,1.4 
3236,1.2 
3237,0.9 
3238,0.7 
3239,0.6 
3240,8.2 
3241,8.1 
3242,7.9 
3243,7.7 
3244,7.2 
3245,7.1 
3246,6.7 
3247,6.5 
3248,6.3 
3249,6.1 
3250,6.0 
3251,5.6 
3252,5.4 
3253,5.2 
3254,4.9 
3255,4.7 
3256,4.4 
3257,0.9 
3258,0.8 
3259,8.6 
3260,8.3 
3261,8.1 
3262,7.8 
3263,7.4 
3264,7.2 
3265,7.0 
3266,6.8 
3267,6.5 
3268,6.2 
3269,6.0 
3270,5.9 
3271,5.6 
3272,5.5 
3273,5.3 
3274,5.1 
3275,4.8 
3276,4.6 
3277,4.5 
3278,4.2 
3279,3.9 
3280,3.8 
3281,3.7 
3282,3.4 
3283,3.1 
3284,2.6 
3285,2.4 
3286,2.3 
3287,2.1 
3288,1.9 
3289,1.6 
3290,1.4 
3291,1.3 
3292,1.1 
3293,0.9 
3294,0.7 
3295,8.5 
3296,8.4 
3297,8.2 
3298,8.0 
3299,7.8 
3300,7.5 
3301,7.2 
3302,7.1 
3303,6.9 
3304,6.6 
3305,6.4 
3306,6.1 
3307,5.9 
3308,5.9 
3309,5.5 
3310,5.3 
3311,5.0 
3312,4.8 
3313,4.6 
3314,3.6 
3315,3.3 
3316,3.1 
3317,2.8 
3318,2.6 
3319,2.5 
3320,2.2 
3321,2.0 
3322,1.8 
3323,1.5 
3324,1.3 
3325,1.1 
3326,0.8 
3327,0.6 
3328,8.3 
3329,10.3 
3330,7.9 
3331,7.6 
3332,9.1 
3333,7.2 
3334,7.1 
3335,6.9 
3336,6.6 
3337,6.3 
3338,6.0 
3339,5.9 
3340,5.9 
3341,5.3 
3342,5.0 
3343,4.8 
3344,4.7 
3345,4.3 
3346,5.9 
3347,3.8 
3348,3.5 
3349,3.3 
3350,3.0 
3351,4.3 
3352,2.4 
3353,4.0 
3354,2.1 
3355,1.9 
3356,1.7 
3357,1.5 
3358,1.3 
3359,1.2 
3360,0.9 
3361,5.6 
3362,5.1 
3363,4.9 
3364,4.5 
3365,4.4 
3366,4.2 
3367,3.4 
3368,3.2 
3369,3.0 
3370,2.6 
3371,2.3 
3372,2.1 
3373,1.8 
3374,1.4 
3375,1.2 
3376,1.0 
3377,0.7 
3378,8.6 
3379,8.3 
3380,8.0 
3381,7.7 
3382,7.6 
3383,7.3 
3384,7.1 
3385,7.0 
3386,6.6 
3387,6.4 
3388,6.1 
3389,6.0 
3390,5.6 
3391,5.3 
3392,5.0 
3393,4.9 
3394,4.7 
3395,4.3 
3396,4.1 
3397,3.8 
3398,4.1 
3399,3.4 
3400,3.2 
3401,2.9 
3402,2.6 
3403,2.5 
3404,2.3 
3405,2.0 
3406,1.9 
3407,1.5 
3408,1.4 
3409,1.2 
3410,0.9 
3411,0.8 
3412,0.6 
3413,8.2 
3414,8.0 
3415,7.8 
3416,7.6 
3417,7.3 
3418,7.2 
3419,6.9 
3420,6.7 
3421,6.3 
3422,6.0 
3423,5.9 
3424,5.5 
3425,5.4 
3426,5.2 
3427,4.9 
3428,4.8 
3429,4.5 
3430,4.2 
3431,4.0 
3432,3.7 
3433,3.4 
3434,3.2 
3435,3.1 
3436,2.8 
3437,2.5 
3438,2.3 
3439,2.2 
3440,1.9 
3441,1.7 
3442,1.5 
3443,1.2 
3444,1.2 
3445,0.8 
3446,0.9 
3447,8.6 
3448,8.3 
3449,8.1 
3450,7.8 
3451,7.7 
3452,7.5 
3453,7.2 
3454,7.0 
3455,6.7 
3456,6.5 
3457,3.6 
3458,3.5 
3459,3.1 
3460,2.7 
3461,2.6 
3462,2.4 
3463,2.3 
3464,2.0 
3465,1.7 
3466,1.5 
3467,1.2 
3468,1.1 
3469,0.8 
3470,8.5 
3471,8.3 
3472,9.5 
3473,9.4 
3474,7.4 
3475,7.1 
3476,9.2 
3477,6.7 
3478,6.6 
3479,6.2 
3480,5.9 
3481,8.0 
3482,7.2 
3483,5.3 
3484,5.0 
3485,4.9 
3486,4.7 
3487,4.4 
3488,6.6 
3489,4.0 
3490,3.8 
3491,5.2 
3492,3.3 
3493,3.0 
3494,4.3 
3495,2.5 
3496,2.4 
3497,2.2 
3498,1.9 
3499,1.6 
3500,1.4 
3501,1.2 
3502,1.0 
3503,1.0 
3504,0.7 
3505,0.5 
3506,8.3 
3507,8.1 
3508,7.9 
3509,7.6 
3510,7.4 
3511,7.1 
3512,6.9 
3513,6.8 
3514,6.5 
3515,6.1 
3516,6.0 
3517,5.7 
3518,5.6 
3519,5.4 
3520,5.2 
3521,4.9 
3522,4.7 
3523,4.4 
3524,4.2 
3525,3.9 
3526,3.7 
3527,3.6 
3528,3.2 
3529,2.7 
3530,2.6 
3531,2.4 
3532,2.2 
3533,2.0 
3534,1.7 
3535,1.5 
3536,1.3 
3537,5.1 
3538,4.8 
3539,4.6 
3540,4.3 
3541,4.1 
3542,3.8 
3543,3.6 
3544,3.5 
3545,3.2 
3546,3.0 
3547,2.8 
3548,2.6 
3549,2.4 
3550,2.2 
3551,2.1 
3552,1.9 
3553,1.8 
3554,1.6 
3555,1.4 
3556,1.3 
3557,1.0 
3558,0.8 
3559,0.7 
3560,8.2 
3561,8.1 
3562,5.1 
3563,4.8 
3564,4.6 
3565,4.5 
3566,4.2 
3567,4.0 
3568,3.7 
3569,3.6 
3570,3.2 
3571,3.1 
3572,2.8 
3573,2.5 
3574,2.5 
3575,2.2 
3576,2.1 
3577,1.9 
3578,1.6 
3579,1.5 
3580,1.2 
3581,1.2 
3582,0.9 
3583,0.7 
3584,0.6 
3585,8.2 
3586,8.0 
3587,7.7 
3588,7.5 
3589,7.3 
3590,6.9 
3591,6.8 
3592,6.5 
3593,6.3 
3594,6.1 
3595,5.9 
3596,5.6 
3597,5.3 
3598,4.9 
3599,4.8 
3600,4.5 
3601,4.3 
3602,4.0 
3603,3.7 
3604,3.7 
3605,3.2 
3606,3.0 
3607,2.8 
3608,2.7 
3609,2.4 
3610,2.3 
3611,1.8 
3612,1.7 
3613,1.5 
3614,1.3 
3615,1.0 
3616,0.7 
3617,8.5 
3618,8.3 
3619,8.0 
3620,7.8 
3621,7.6 
3622,7.5 
3623,7.2 
3624,6.8 
3625,6.8 
3626,6.6 
3627,6.2 
3628,6.0 
3629,5.7 
3630,5.5 
3631,5.3 
3632,5.1 
3633,4.9 
3634,4.4 
3635,4.1 
3636,3.9 
3637,3.6 
3638,3.2 
3639,2.9 
3640,2.7 
3641,2.6 
3642,2.4 
3643,2.2 
3644,2.0 
3645,1.8 
3646,1.5 
3647,1.3 
3648,1.2 
3649,0.9 
3650,0.7 
3651,8.4 
3652,8.2 
3653,8.1 
3654,7.8 
3655,7.6 
3656,7.3 
3657,7.0 
3658,6.9 
3659,6.7 
3660,6.2 
3661,5.9 
3662,5.8 
3663,5.6 
3664,5.3 
3665,5.1 
3666,4.9 
3667,4.7 
3668,4.6 
3669,4.3 
3670,2.1 
3671,1.9 
3672,1.8 
3673,1.5 
3674,1.3 
3675,0.9 
3676,0.8 
3677,0.7 
3678,8.4 
3679,8.1 
3680,7.8 
3681,7.7 
3682,7.4 
3683,7.2 
3684,7.0 
3685,6.9 
3686,6.7 
3687,6.4 
3688,6.1 
3689,6.0 
3690,5.8 
3691,5.6 
3692,5.4 
3693,5.2 
3694,5.0 
3695,4.7 
3696,4.5 
3697,4.2 
3698,4.0 
3699,3.8 
3700,3.6 
3701,3.3 
3702,3.1 
3703,2.9 
3704,5.8 
3705,2.5 
3706,2.2 
3707,1.5 
3708,1.3 
3709,0.7 
3710,8.4 
3711,8.0 
3712,7.8 
3713,7.7 
3714,7.4 
3715,7.2 
3716,7.0 
3717,6.9 
3718,6.5 
3719,6.3 
3720,6.1 
3721,5.8 
3722,5.5 
3723,5.4 
3724,4.9 
3725,4.8 
3726,4.5 
3727,4.1 
3728,3.8 
3729,3.6 
3730,3.5 
3731,3.2 
3732,3.0 
3733,2.8 
3734,2.5 
3735,2.4 
3736,2.1 
3737,2.0 
3738,1.7 
3739,1.3 
3740,1.2 
3741,0.9 
3742,0.8 
3743,0.7 
3744,8.8 
3745,8.1 
3746,7.8 
3747,7.7 
3748,7.5 
3749,7.2 
3750,7.8 
3751,6.7 
3752,6.4 
3753,7.0 
3754,6.7 
3755,5.5 
3756,5.8 
3757,5.1 
3758,5.3 
3759,4.6 
3760,4.4 
3761,4.4 
3762,4.3 
3763,4.1 
3764,3.8 
3765,3.0 
3766,2.5 
3767,2.4 
3768,7.6 
3769,7.3 
3770,7.2 
3771,6.9 
3772,6.8 
3773,6.5 
3774,6.3 
3775,6.0 
3776,6.0 
3777,5.6 
3778,5.3 
3779,5.1 
3780,4.8 
3781,4.5 
3782,4.0 
3783,3.8 
3784,3.6 
3785,3.1 
3786,2.9 
3787,2.7 
3788,2.5 
3789,2.3 
3790,2.0 
3791,1.8 
3792,1.6 
3793,1.2 
3794,1.0 
3795,0.8 
3796,0.8 
3797,0.6 
3798,8.2 
3799,8.1 
3800,7.8 
3801,7.7 
3802,7.5 
3803,7.3 
3804,7.1 
3805,6.9 
3806,6.7 
3807,6.5 
3808,6.2 
3809,6.0 
3810,5.8 
3811,5.6 
3812,5.4 
3813,5.2 
3814,4.9 
3815,4.7 
3816,4.5 
3817,4.3 
3818,4.1 
3819,3.8 
3820,3.7 
3821,3.4 
3822,3.1 
3823,2.9 
3824,2.6 
3825,2.1 
3826,1.6 
3827,1.4 
3828,1.2 
3829,1.0 
3830,0.7 
3831,0.7 
3832,8.3 
3833,8.0 
3834,7.8 
3835,7.7 
3836,7.4 
3837,7.2 
3838,7.0 
3839,6.9 
3840,6.5 
3841,6.3 
3842,6.0 
3843,5.8 
3844,5.7 
3845,8.7 
3846,5.3 
3847,5.1 
3848,4.8 
3849,4.8 
3850,4.4 
3851,4.1 
3852,3.8 
3853,3.6 
3854,3.5 
3855,6.2 
3856,2.9 
3857,2.8 
3858,2.5 
3859,2.4 
3860,2.2 
3861,2.0 
3862,1.7 
3863,4.7 
3864,1.1 
3865,0.8 
3866,0.7 
3867,0.5 
3868,4.9 
3869,4.8 
3870,4.5 
3871,4.3 
3872,4.1 
3873,3.7 
3874,3.6 
3875,3.4 
3876,3.0 
3877,2.7 
3878,2.5 
3879,2.3 
3880,2.2 
3881,1.9 
3882,1.6 
3883,1.3 
3884,1.2 
3885,0.9 
3886,0.7 
3887,0.5 
3888,8.2 
3889,7.9 
3890,7.7 
3891,7.3 
3892,7.1 
3893,6.9 
3894,6.8 
3895,6.6 
3896,6.2 
3897,6.0 
3898,5.9 
3899,5.6 
3900,5.3 
3901,5.1 
3902,5.0 
3903,4.6 
3904,4.4 
3905,4.2 
3906,4.0 
3907,3.7 
3908,4.6 
3909,4.1 
3910,3.0 
3911,2.8 
3912,2.5 
3913,2.4 
3914,2.1 
3915,1.9 
3916,1.6 
3917,1.4 
3918,1.3 
3919,1.1 
3920,0.9 
3921,0.6 
3922,0.7 
3923,8.4 
3924,7.4 
3925,7.3 
3926,7.0 
3927,6.9 
3928,6.7 
3929,6.5 
3930,6.2 
3931,6.0 
3932,5.8 
3933,5.6 
3934,5.4 
3935,5.1 
3936,4.8 
3937,4.5 
3938,4.3 
3939,4.2 
3940,3.9 
3941,3.7 
3942,3.6 
3943,3.4 
3944,7.1 
3945,6.8 
3946,8.5 
3947,6.4 
3948,6.1 
3949,6.0 
3950,5.8 
3951,5.5 
3952,5.4 
3953,5.1 
3954,4.9 
3955,6.8 
3956,4.3 
3957,4.0 
3958,3.8 
3959,3.7 
3960,3.8 
3961,3.3 
3962,3.0 
3963,2.7 
3964,2.4 
3965,4.3 
3966,1.9 
3967,1.6 
3968,1.4 
3969,1.2 
3970,1.0 
3971,0.7 
3972,5.7 
3973,5.6 
3974,5.4 
3975,5.1 
3976,4.9 
3977,4.8 
3978,4.4 
3979,4.1 
3980,3.7 
3981,3.6 
3982,3.5 
3983,3.1 
3984,2.8 
3985,2.5 
3986,2.3 
3987,1.6 
3988,1.3 
3989,1.2 
3990,0.9 
3991,8.6 
3992,0.5 
3993,8.0 
3994,7.9 
3995,7.6 
3996,7.4 
3997,7.2 
3998,6.9 
3999,6.7 
4000,6.6 
4001,6.4 
4002,6.2 
4003,6.1 
4004,5.8 
4005,5.6 
4006,5.4 
4007,5.1 
4008,4.8 
4009,4.5 
4010,4.2 
4011,3.8 
4012,3.8 
4013,3.3 
4014,3.0 
4015,2.7 
4016,2.5 
4017,2.4 
4018,2.2 
4019,1.9 
4020,1.7 
4021,1.6 
4022,1.3 
4023,1.2 
4024,1.0 
4025,0.8 
4026,8.4 
4027,7.9 
4028,3.6 
4029,3.3 
4030,3.1 
4031,2.8 
4032,2.4 
4033,2.3 
4034,2.1 
4035,1.8 
4036,1.6 
4037,1.4 
4038,1.3 
4039,1.0 
4040,0.8 
4041,0.7 
4042,0.6 
4043,8.2 
4044,8.1 
4045,7.8 
4046,7.6 
4047,7.3 
4048,7.2 
4049,6.9 
4050,6.8 
4051,6.4 
4052,6.2 
4053,6.0 
4054,5.8 
4055,5.5 
4056,5.3 
4057,5.0 
4058,4.9 
4059,4.7 
4060,4.3 
4061,4.0 
4062,3.9 
4063,3.7 
4064,3.3 
4065,3.1 
4066,2.9 
4067,2.7 
4068,2.5 
4069,2.1 
4070,1.9 
4071,1.7 
4072,1.4 
4073,1.3 
4074,1.4 
Average ping RTT: 9.393374233128855