0,6.0 
1,1.7 
2,1.5 
3,4.9 
4,10.5 
5,2.1 
6,2.0 
7,1.8 
8,1.6 
9,10.3 
10,0.9 
11,0.8 
12,0.6 
13,10.4 
14,4.1 
15,3.9 
16,3.7 
17,5.2 
18,2.8 
19,2.6 
20,4.2 
21,2.3 
22,3.8 
23,4.0 
24,4.0 
25,1.9 
26,1.4 
27,1.2 
28,1.0 
29,0.9 
30,0.7 
31,0.5 
32,8.4 
33,8.2 
34,7.7 
35,7.5 
36,7.3 
37,7.1 
38,6.9 
39,6.7 
40,6.5 
41,6.3 
42,6.2 
43,5.9 
44,6.1 
45,5.6 
46,5.4 
47,5.2 
48,4.9 
49,4.7 
50,4.5 
51,4.3 
52,4.1 
53,3.9 
54,3.7 
55,3.6 
56,3.4 
57,3.2 
58,3.1 
59,2.9 
60,2.3 
61,2.2 
62,2.0 
63,1.7 
64,1.4 
65,1.1 
66,0.9 
67,0.7 
68,0.6 
69,8.4 
70,8.2 
71,8.1 
72,7.9 
73,7.7 
74,7.5 
75,7.3 
76,7.1 
77,6.9 
78,6.8 
79,6.5 
80,6.3 
81,6.1 
82,5.9 
83,5.8 
84,5.6 
85,5.3 
86,5.1 
87,4.9 
88,4.8 
89,4.7 
90,4.4 
91,4.2 
92,4.0 
93,3.8 
94,3.6 
95,3.4 
96,3.3 
97,2.9 
98,2.8 
99,2.5 
100,2.4 
101,2.1 
102,0.7 
103,0.5 
104,8.4 
105,8.2 
106,8.0 
107,7.9 
108,7.6 
109,7.5 
110,7.3 
111,7.1 
112,7.1 
113,6.8 
114,6.6 
115,6.5 
116,6.2 
117,5.9 
118,5.8 
119,5.6 
120,5.3 
121,5.1 
122,4.9 
123,4.7 
124,4.5 
125,4.2 
126,4.1 
127,3.8 
128,3.6 
129,3.5 
130,3.2 
131,3.1 
132,2.8 
133,2.6 
134,2.5 
135,2.2 
136,2.1 
137,1.9 
138,1.7 
139,1.4 
140,1.3 
141,1.2 
142,0.9 
143,0.8 
144,8.6 
145,8.0 
146,7.8 
147,7.5 
148,7.5 
149,7.2 
150,7.1 
151,6.6 
152,6.5 
153,6.2 
154,5.9 
155,5.8 
156,5.5 
157,5.3 
158,5.2 
159,5.0 
160,4.8 
161,4.6 
162,4.3 
163,4.0 
164,3.9 
165,3.7 
166,3.5 
167,3.1 
168,3.0 
169,2.7 
170,2.5 
171,2.4 
172,2.2 
173,1.9 
174,1.7 
175,1.4 
176,1.3 
177,1.0 
178,0.8 
179,0.6 
180,8.4 
181,8.1 
182,7.8 
183,7.6 
184,7.4 
185,7.2 
186,7.0 
187,6.8 
188,6.6 
189,6.3 
190,6.0 
191,6.0 
192,5.7 
193,5.5 
194,5.3 
195,5.0 
196,4.8 
197,0.7 
198,8.3 
199,8.2 
200,8.0 
201,7.8 
202,7.6 
203,7.4 
204,7.2 
205,6.9 
206,6.6 
207,6.4 
208,6.2 
209,5.9 
210,5.6 
211,5.3 
212,5.1 
213,4.9 
214,4.8 
215,4.5 
216,4.3 
217,4.1 
218,3.9 
219,3.6 
220,3.5 
221,3.3 
222,3.2 
223,1.5 
224,1.2 
225,1.2 
226,0.9 
227,0.7 
228,8.5 
229,8.4 
230,8.1 
231,7.8 
232,7.4 
233,10.4 
234,6.9 
235,9.7 
236,6.2 
237,6.0 
238,5.8 
239,8.9 
240,5.4 
241,5.1 
242,4.9 
243,4.8 
244,4.5 
245,4.3 
246,4.1 
247,3.9 
248,3.7 
249,3.5 
250,3.3 
251,3.0 
252,2.7 
253,2.4 
254,2.3 
255,2.1 
256,1.9 
257,1.7 
258,1.4 
259,4.4 
260,0.9 
261,4.0 
262,0.6 
263,8.3 
264,8.1 
265,7.9 
266,7.7 
267,7.5 
268,7.2 
269,7.1 
270,7.0 
271,6.8 
272,6.6 
273,6.4 
274,6.0 
275,4.7 
276,4.4 
277,4.0 
278,3.8 
279,3.6 
280,3.4 
281,3.1 
282,2.9 
283,2.6 
284,2.4 
285,2.2 
286,2.0 
287,1.8 
288,1.6 
289,1.4 
290,1.2 
291,1.1 
292,0.8 
293,0.7 
294,8.5 
295,8.2 
296,8.1 
297,7.9 
298,7.6 
299,7.3 
300,8.1 
301,7.8 
302,6.7 
303,6.4 
304,6.2 
305,6.0 
306,5.8 
307,6.7 
308,5.2 
309,5.0 
310,4.7 
311,4.6 
312,4.2 
313,4.0 
314,4.3 
315,3.6 
316,3.1 
317,3.4 
318,2.3 
319,1.7 
320,1.6 
321,6.6 
322,6.3 
323,6.1 
324,5.7 
325,5.6 
326,5.4 
327,4.9 
328,4.8 
329,4.5 
330,4.3 
331,3.9 
332,3.6 
333,3.5 
334,3.2 
335,2.9 
336,2.7 
337,2.5 
338,2.3 
339,2.0 
340,1.8 
341,1.5 
342,1.3 
343,1.1 
344,0.9 
345,0.7 
346,0.7 
347,8.3 
348,8.0 
349,7.8 
350,7.7 
351,7.5 
352,7.3 
353,7.2 
354,6.9 
355,6.6 
356,6.4 
357,6.1 
358,6.0 
359,5.7 
360,5.4 
361,5.1 
362,4.9 
363,4.7 
364,4.3 
365,4.0 
366,3.7 
367,3.5 
368,3.2 
369,3.1 
370,2.8 
371,2.5 
372,2.4 
373,2.3 
374,2.1 
375,1.8 
376,1.6 
377,1.3 
378,1.2 
379,1.0 
380,0.8 
381,0.6 
382,8.5 
383,8.1 
384,7.9 
385,7.7 
386,7.5 
387,7.2 
388,7.1 
389,6.7 
390,6.6 
391,6.4 
392,6.1 
393,5.9 
394,5.7 
395,5.5 
396,5.3 
397,5.0 
398,4.8 
399,4.6 
400,4.4 
401,1.4 
402,1.2 
403,1.0 
404,0.9 
405,0.7 
406,8.5 
407,8.3 
408,8.1 
409,7.7 
410,7.2 
411,7.1 
412,6.9 
413,6.6 
414,6.3 
415,6.1 
416,5.9 
417,5.8 
418,5.5 
419,5.3 
420,5.0 
421,4.8 
422,4.3 
423,3.8 
424,3.5 
425,3.3 
426,3.0 
427,2.8 
428,2.5 
429,2.2 
430,1.9 
431,1.7 
432,1.3 
433,1.2 
434,1.0 
435,0.8 
436,0.7 
437,0.6 
438,8.2 
439,8.0 
440,7.8 
441,7.6 
442,7.3 
443,7.2 
444,7.0 
445,6.9 
446,7.8 
447,6.4 
448,6.1 
449,6.0 
450,5.7 
451,5.4 
452,5.2 
453,5.1 
454,7.1 
455,4.5 
456,5.4 
457,4.5 
458,3.7 
459,4.3 
460,3.3 
461,3.1 
462,2.9 
463,2.6 
464,2.4 
465,2.3 
466,7.1 
467,6.9 
468,6.7 
469,6.5 
470,6.3 
471,6.0 
472,5.8 
473,5.6 
474,5.3 
475,5.1 
476,4.7 
477,4.5 
478,4.3 
479,8.1 
480,7.8 
481,7.5 
482,7.3 
483,7.1 
484,7.0 
485,6.7 
486,6.4 
487,9.0 
488,6.0 
489,6.0 
490,5.7 
491,5.5 
492,5.3 
493,4.9 
494,4.7 
495,4.4 
496,4.2 
497,7.0 
498,3.7 
499,3.6 
500,3.3 
501,3.1 
502,2.9 
503,4.8 
504,2.4 
505,2.2 
506,2.0 
507,1.8 
508,1.5 
509,1.3 
510,4.1 
511,1.0 
512,0.8 
513,6.0 
514,5.8 
515,5.6 
516,5.3 
517,5.0 
518,4.9 
519,4.7 
520,4.5 
521,4.3 
522,4.0 
523,3.7 
524,3.6 
525,3.4 
526,3.2 
527,2.8 
528,2.6 
529,2.4 
530,2.1 
531,1.9 
532,1.6 
533,1.4 
534,1.2 
535,1.0 
536,0.8 
537,0.9 
538,8.5 
539,8.2 
540,8.0 
541,7.7 
542,7.5 
543,7.2 
544,7.1 
545,6.9 
546,6.6 
547,6.4 
548,6.0 
549,5.9 
550,5.6 
551,5.3 
552,5.0 
553,4.8 
554,4.6 
555,4.3 
556,4.2 
557,3.9 
558,3.6 
559,8.1 
560,7.8 
561,7.6 
562,7.4 
563,7.2 
564,7.1 
565,6.8 
566,6.6 
567,6.3 
568,6.1 
569,5.9 
570,5.6 
571,5.4 
572,5.1 
573,4.8 
574,4.6 
575,4.4 
576,4.2 
577,4.0 
578,3.7 
579,3.5 
580,3.1 
581,3.0 
582,2.6 
583,2.4 
584,2.2 
585,2.0 
586,1.7 
587,1.4 
588,1.3 
589,1.2 
590,0.8 
591,0.6 
592,8.4 
593,8.0 
594,7.8 
595,7.5 
596,7.3 
597,7.2 
598,7.0 
599,6.8 
600,6.4 
601,6.1 
602,5.9 
603,5.7 
604,5.5 
605,5.2 
606,4.9 
607,4.7 
608,4.5 
609,2.9 
610,2.7 
611,2.4 
612,2.2 
613,2.0 
614,1.7 
615,1.5 
616,1.2 
617,0.9 
618,0.7 
619,8.4 
620,8.2 
621,7.9 
622,10.1 
623,7.3 
624,7.2 
625,7.0 
626,6.7 
627,6.5 
628,6.2 
629,6.0 
630,5.8 
631,5.5 
632,5.3 
633,5.0 
634,4.8 
635,4.6 
636,4.4 
637,4.0 
638,3.7 
639,3.5 
640,3.3 
641,3.0 
642,2.7 
643,2.5 
644,2.2 
645,4.6 
646,4.0 
647,1.6 
648,1.4 
649,1.2 
650,3.1 
651,0.8 
652,0.6 
653,8.4 
654,8.1 
655,7.8 
656,7.5 
657,7.3 
658,5.7 
659,5.5 
660,5.3 
661,5.1 
662,4.9 
663,4.7 
664,4.4 
665,4.3 
666,4.0 
667,3.7 
668,3.7 
669,3.3 
670,2.9 
671,2.6 
672,2.2 
673,2.1 
674,1.8 
675,1.5 
676,1.7 
677,1.2 
678,0.9 
679,0.7 
680,8.6 
681,8.3 
682,8.1 
683,7.8 
684,7.8 
685,7.3 
686,7.1 
687,6.8 
688,6.6 
689,6.4 
690,6.2 
691,6.0 
692,5.9 
693,5.6 
694,5.4 
695,5.2 
696,4.9 
697,4.7 
698,4.5 
699,4.3 
700,4.0 
701,3.8 
702,3.6 
703,3.4 
704,3.1 
705,3.0 
706,2.7 
707,2.5 
708,2.3 
709,2.1 
710,1.9 
711,1.8 
712,1.6 
713,1.4 
714,1.2 
715,1.0 
716,0.7 
717,0.7 
718,8.4 
719,8.0 
720,7.8 
721,7.5 
722,7.3 
723,7.2 
724,7.0 
725,6.8 
726,6.7 
727,6.4 
728,6.2 
729,6.0 
730,5.9 
731,5.6 
732,5.4 
733,5.2 
734,4.9 
735,4.7 
736,4.5 
737,4.3 
738,4.0 
739,3.8 
740,3.6 
741,3.3 
742,3.0 
743,2.8 
744,2.5 
745,2.3 
746,2.1 
747,1.9 
748,1.7 
749,1.4 
750,1.3 
751,1.0 
752,0.8 
753,8.6 
754,8.3 
755,8.1 
756,7.8 
757,7.6 
758,7.4 
759,7.1 
760,6.9 
761,6.8 
762,6.5 
763,6.3 
764,6.1 
765,5.9 
766,5.6 
767,5.3 
768,5.1 
769,4.8 
770,4.7 
771,4.4 
772,4.2 
773,3.9 
774,3.6 
775,3.3 
776,2.6 
777,2.4 
778,2.3 
779,2.1 
780,1.8 
781,1.6 
782,1.4 
783,1.3 
784,0.9 
785,0.7 
786,0.6 
787,8.4 
788,10.3 
789,7.9 
790,7.6 
791,10.2 
792,7.1 
793,6.9 
794,6.6 
795,8.7 
796,6.2 
797,2.0 
798,1.7 
799,1.5 
800,1.2 
801,1.2 
802,0.8 
803,0.7 
804,0.6 
805,3.7 
806,5.2 
807,2.6 
808,2.3 
809,4.4 
810,4.1 
811,4.1 
812,1.4 
813,1.2 
814,3.3 
815,0.8 
816,8.5 
817,8.3 
818,8.0 
819,7.8 
820,7.6 
821,7.4 
822,7.1 
823,6.9 
824,6.6 
825,6.4 
826,6.3 
827,6.0 
828,5.3 
829,5.2 
830,4.9 
831,4.8 
832,4.5 
833,4.2 
834,4.1 
835,3.8 
836,3.5 
837,3.4 
838,7.2 
839,6.8 
840,6.6 
841,6.4 
842,6.1 
843,6.0 
844,5.8 
845,5.6 
846,5.4 
847,5.0 
848,4.7 
849,4.5 
850,4.3 
851,4.0 
852,3.8 
853,3.5 
854,3.3 
855,3.0 
856,2.6 
857,2.6 
858,2.5 
859,1.9 
860,1.6 
861,1.3 
862,2.7 
863,5.0 
864,4.6 
865,4.4 
866,4.2 
867,4.1 
868,8.1 
869,7.7 
870,5.3 
871,5.1 
872,4.9 
873,0.9 
874,1.3 
875,5.0 
876,4.7 
877,4.5 
878,7.5 
879,3.2 
880,3.0 
881,2.7 
882,2.6 
883,6.3 
884,2.7 
885,2.5 
886,1.9 
887,1.5 
888,9.3 
889,4.3 
890,9.2 
891,9.9 
892,2.9 
893,2.7 
894,2.5 
895,6.2 
896,5.9 
897,8.7 
898,5.6 
899,5.5 
900,5.2 
901,5.0 
902,4.9 
903,4.6 
904,4.4 
905,4.1 
906,3.7 
907,3.3 
908,3.1 
909,5.7 
910,2.5 
911,2.4 
912,2.2 
913,4.5 
914,1.9 
915,1.6 
916,1.4 
917,1.1 
918,8.8 
919,8.4 
920,8.0 
921,7.9 
922,7.8 
923,7.5 
924,4.9 
925,4.6 
926,4.3 
927,4.1 
928,4.0 
929,3.7 
930,3.7 
931,3.3 
932,3.0 
933,2.8 
934,2.7 
935,2.5 
936,2.3 
937,2.1 
938,2.2 
939,1.7 
940,1.4 
941,1.3 
942,1.2 
943,1.0 
944,0.9 
945,0.6 
946,8.4 
947,7.7 
948,7.6 
949,7.3 
950,7.0 
951,6.9 
952,6.7 
953,6.5 
954,6.1 
955,6.2 
956,5.7 
957,5.2 
958,4.8 
959,4.7 
960,4.5 
961,4.2 
962,4.1 
963,3.4 
964,2.5 
965,8.0 
966,7.6 
967,7.3 
968,7.2 
969,6.9 
970,6.7 
971,6.5 
972,6.2 
973,6.0 
974,5.6 
975,5.3 
976,5.2 
977,4.9 
978,4.7 
979,4.3 
980,4.2 
981,4.0 
982,3.7 
983,3.4 
984,3.3 
985,3.0 
986,2.7 
987,2.5 
988,2.0 
989,1.9 
990,1.6 
991,1.3 
992,1.2 
993,1.0 
994,0.7 
995,0.7 
996,8.4 
997,8.3 
998,7.9 
999,7.9 
1000,7.6 
1001,7.4 
1002,7.2 
1003,7.0 
1004,6.8 
1005,6.5 
1006,6.2 
1007,6.0 
1008,5.8 
1009,5.7 
1010,5.5 
1011,5.3 
1012,5.0 
1013,4.7 
1014,4.6 
1015,4.3 
1016,4.1 
1017,4.0 
1018,3.7 
1019,3.5 
1020,3.2 
1021,3.0 
1022,2.7 
1023,2.5 
1024,2.4 
1025,2.2 
1026,2.0 
1027,1.8 
1028,1.5 
1029,1.2 
1030,0.8 
1031,0.6 
1032,0.5 
1033,8.3 
1034,8.1 
1035,7.7 
1036,7.5 
1037,7.3 
1038,7.1 
1039,6.7 
1040,6.6 
1041,6.4 
1042,6.2 
1043,6.0 
1044,5.7 
1045,5.5 
1046,5.3 
1047,5.0 
1048,4.9 
1049,4.6 
1050,4.4 
1051,4.1 
1052,3.8 
1053,3.5 
1054,5.8 
1055,2.9 
1056,2.7 
1057,2.5 
1058,2.3 
1059,4.5 
1060,1.8 
1061,1.3 
1062,1.2 
1063,1.0 
1064,0.8 
1065,8.6 
1066,8.4 
1067,8.2 
1068,8.0 
1069,8.3 
1070,7.7 
1071,7.5 
1072,7.3 
1073,7.0 
1074,5.3 
1075,5.2 
1076,4.9 
1077,4.8 
1078,4.4 
1079,4.2 
1080,4.0 
1081,3.7 
1082,3.4 
1083,3.2 
1084,3.1 
1085,2.6 
1086,2.5 
1087,2.2 
1088,2.0 
1089,1.5 
1090,1.3 
1091,1.2 
1092,0.9 
1093,0.6 
1094,8.4 
1095,8.1 
1096,7.9 
1097,7.7 
1098,7.3 
1099,7.1 
1100,7.1 
1101,6.7 
1102,6.5 
1103,6.1 
1104,5.9 
1105,5.7 
1106,5.4 
1107,5.1 
1108,4.8 
1109,4.8 
1110,4.4 
1111,4.1 
1112,3.8 
1113,3.6 
1114,3.5 
1115,3.3 
1116,2.9 
1117,2.7 
1118,2.5 
1119,2.3 
1120,2.1 
1121,1.8 
1122,1.7 
1123,1.4 
1124,1.2 
1125,1.2 
1126,0.9 
1127,0.7 
1128,0.7 
1129,0.5 
1130,8.2 
1131,8.0 
1132,7.9 
1133,7.5 
1134,7.3 
1135,7.2 
1136,6.9 
1137,6.8 
1138,6.5 
1139,6.2 
1140,6.0 
1141,5.7 
1142,5.5 
1143,5.2 
1144,5.0 
1145,4.7 
1146,4.3 
1147,4.1 
1148,3.9 
1149,3.7 
1150,3.4 
1151,3.2 
1152,2.8 
1153,2.6 
1154,2.5 
1155,2.2 
1156,2.0 
1157,1.6 
1158,1.3 
1159,1.2 
1160,1.0 
1161,0.8 
1162,0.6 
1163,8.3 
1164,7.8 
1165,7.6 
1166,7.4 
1167,7.3 
1168,7.1 
1169,6.8 
1170,6.6 
1171,6.4 
1172,6.2 
1173,6.1 
1174,2.5 
1175,2.5 
1176,2.1 
1177,1.9 
1178,1.6 
1179,1.4 
1180,1.2 
1181,1.1 
1182,0.9 
1183,0.7 
1184,11.0 
1185,11.0 
1186,8.0 
1187,7.8 
1188,7.6 
1189,7.4 
1190,10.1 
1191,9.7 
1192,9.3 
1193,6.5 
1194,9.2 
1195,8.6 
1196,5.9 
1197,5.6 
1198,7.9 
1199,5.2 
1200,4.8 
1201,4.7 
1202,6.9 
1203,7.1 
1204,3.9 
1205,3.8 
1206,3.5 
1207,6.0 
1208,5.6 
1209,5.8 
1210,5.1 
1211,2.3 
1212,2.1 
1213,5.1 
1214,11.5 
1215,6.7 
1216,5.2 
1217,4.4 
1218,4.3 
1219,1.9 
1220,1.4 
1221,1.1 
1222,8.8 
1223,0.7 
1224,8.4 
1225,8.2 
1226,8.1 
1227,7.8 
1228,7.6 
1229,7.4 
1230,7.0 
1231,7.1 
1232,6.8 
1233,6.4 
1234,1.8 
1235,1.6 
1236,1.3 
1237,1.0 
1238,0.8 
1239,0.7 
1240,8.3 
1241,8.1 
1242,7.7 
1243,7.5 
1244,7.2 
1245,6.9 
1246,6.7 
1247,6.4 
1248,4.0 
1249,3.7 
1250,3.6 
1251,3.3 
1252,3.1 
1253,2.6 
1254,2.5 
1255,2.4 
1256,2.0 
1257,1.8 
1258,1.5 
1259,1.3 
1260,1.2 
1261,0.9 
1262,0.7 
1263,0.6 
1264,8.3 
1265,8.0 
1266,7.8 
1267,7.6 
1268,7.3 
1269,8.9 
1270,6.8 
1271,6.5 
1272,6.1 
1273,7.9 
1274,5.8 
1275,5.6 
1276,5.3 
1277,5.1 
1278,6.1 
1279,4.5 
1280,4.2 
1281,4.0 
1282,3.7 
1283,5.5 
1284,3.4 
1285,4.5 
1286,4.1 
1287,2.5 
1288,2.3 
1289,2.1 
1290,1.8 
1291,1.6 
1292,1.4 
1293,1.2 
1294,1.0 
1295,0.7 
1296,0.7 
1297,8.5 
1298,8.3 
1299,7.9 
1300,6.2 
1301,6.0 
1302,5.7 
1303,5.3 
1304,5.0 
1305,4.9 
1306,4.6 
1307,4.3 
1308,4.1 
1309,3.8 
1310,3.5 
1311,3.3 
1312,3.0 
1313,2.7 
1314,2.5 
1315,2.2 
1316,2.1 
1317,1.8 
1318,1.7 
1319,1.4 
1320,1.2 
1321,1.1 
1322,0.8 
1323,0.6 
1324,0.5 
1325,0.5 
1326,8.0 
1327,7.9 
1328,7.4 
1329,7.3 
1330,7.1 
1331,7.0 
1332,6.6 
1333,6.4 
1334,6.2 
1335,6.0 
1336,5.8 
1337,5.5 
1338,5.3 
1339,5.1 
1340,4.9 
1341,4.7 
1342,4.4 
1343,4.2 
1344,3.9 
1345,3.6 
1346,3.4 
1347,3.2 
1348,2.9 
1349,2.7 
1350,2.5 
1351,2.2 
1352,2.0 
1353,1.9 
1354,1.6 
1355,1.3 
1356,1.1 
1357,0.9 
1358,0.7 
1359,7.9 
1360,7.6 
1361,7.4 
1362,7.2 
1363,7.1 
1364,6.8 
1365,6.6 
1366,6.3 
1367,6.1 
1368,5.9 
1369,5.6 
1370,5.4 
1371,5.2 
1372,4.8 
1373,4.6 
1374,4.4 
1375,4.1 
1376,4.0 
1377,3.8 
1378,3.6 
1379,3.3 
1380,3.1 
1381,2.9 
1382,2.7 
1383,2.5 
1384,2.3 
1385,2.1 
1386,1.9 
1387,1.7 
1388,1.3 
1389,1.2 
1390,1.0 
1391,0.9 
1392,0.7 
1393,0.7 
1394,0.6 
1395,8.0 
1396,7.8 
1397,7.6 
1398,7.3 
1399,7.1 
1400,6.9 
1401,6.6 
1402,6.6 
1403,6.2 
1404,4.0 
1405,3.5 
1406,3.3 
1407,3.0 
1408,2.8 
1409,2.5 
1410,2.4 
1411,1.7 
1412,1.5 
1413,1.3 
1414,1.2 
1415,0.8 
1416,0.6 
1417,8.4 
1418,8.0 
1419,7.8 
1420,7.6 
1421,7.4 
1422,7.2 
1423,6.9 
1424,6.7 
1425,6.4 
1426,6.1 
1427,6.0 
1428,5.6 
1429,5.3 
1430,5.1 
1431,4.8 
1432,4.7 
1433,4.2 
1434,4.0 
1435,3.7 
1436,5.7 
1437,4.7 
1438,3.2 
1439,2.9 
1440,2.5 
1441,2.4 
1442,2.1 
1443,1.9 
1444,1.7 
1445,6.6 
1446,6.4 
1447,6.1 
1448,5.8 
1449,5.6 
1450,5.3 
1451,5.1 
1452,5.1 
1453,4.8 
1454,4.7 
1455,4.5 
1456,4.2 
1457,4.0 
1458,3.9 
1459,3.5 
1460,3.4 
1461,3.2 
1462,2.9 
1463,2.7 
1464,2.5 
1465,2.2 
1466,2.0 
1467,1.8 
1468,1.5 
1469,1.3 
1470,1.1 
1471,0.8 
1472,0.6 
1473,8.4 
1474,8.3 
1475,7.9 
1476,7.8 
1477,7.5 
1478,7.3 
1479,7.0 
1480,6.9 
1481,6.7 
1482,6.4 
1483,5.9 
1484,5.7 
1485,5.4 
1486,5.1 
1487,4.9 
1488,4.7 
1489,4.5 
1490,4.2 
1491,4.0 
1492,3.7 
1493,3.5 
1494,3.4 
1495,1.0 
1496,0.6 
1497,0.5 
1498,8.0 
1499,7.7 
1500,7.6 
1501,7.4 
1502,7.3 
1503,7.0 
1504,6.7 
1505,6.4 
1506,6.2 
1507,6.0 
1508,5.8 
1509,5.5 
1510,5.3 
1511,5.1 
1512,4.9 
1513,4.7 
1514,4.5 
1515,4.2 
1516,4.0 
1517,3.7 
1518,3.5 
1519,3.3 
1520,3.1 
1521,2.9 
1522,2.5 
1523,2.4 
1524,2.2 
1525,2.0 
1526,1.7 
1527,1.4 
1528,1.3 
1529,1.1 
1530,0.8 
1531,0.7 
1532,8.5 
1533,8.3 
1534,8.2 
1535,8.0 
1536,7.8 
1537,7.5 
1538,7.3 
1539,7.1 
1540,6.9 
1541,6.6 
1542,6.3 
1543,6.1 
1544,5.7 
1545,5.5 
1546,5.1 
1547,4.9 
1548,4.6 
1549,4.4 
1550,3.9 
1551,3.8 
1552,3.6 
1553,3.4 
1554,3.2 
1555,3.1 
1556,2.8 
1557,2.6 
1558,2.4 
1559,2.3 
1560,2.0 
1561,1.8 
1562,1.6 
1563,1.4 
1564,1.3 
1565,1.0 
1566,0.9 
1567,8.5 
1568,8.1 
1569,7.9 
1570,7.6 
1571,7.4 
1572,7.2 
1573,7.0 
1574,6.9 
1575,6.5 
1576,6.4 
1577,6.0 
1578,5.9 
1579,5.7 
1580,5.6 
1581,5.4 
1582,5.2 
1583,4.8 
1584,4.8 
1585,4.4 
1586,4.3 
1587,4.0 
1588,3.8 
1589,3.6 
1590,3.4 
1591,3.2 
1592,3.0 
1593,2.7 
1594,2.5 
1595,2.4 
1596,4.2 
1597,2.0 
1598,1.8 
1599,1.6 
1600,1.4 
1601,1.2 
1602,1.0 
1603,0.8 
1604,0.7 
1605,6.4 
1606,6.2 
1607,6.0 
1608,5.7 
1609,5.5 
1610,5.3 
1611,5.0 
1612,4.8 
1613,4.6 
1614,4.4 
1615,4.1 
1616,3.9 
1617,3.6 
1618,3.5 
1619,3.3 
1620,3.0 
1621,2.8 
1622,2.5 
1623,2.5 
1624,2.1 
1625,1.9 
1626,1.6 
1627,1.3 
1628,1.1 
1629,0.8 
1630,0.7 
1631,7.4 
1632,7.1 
1633,3.9 
1634,3.7 
1635,3.5 
1636,3.3 
1637,3.0 
1638,2.8 
1639,2.5 
1640,2.3 
1641,2.0 
1642,1.9 
1643,1.6 
1644,1.4 
1645,1.3 
1646,1.2 
1647,0.8 
1648,3.6 
1649,0.5 
1650,8.2 
1651,8.0 
1652,7.9 
1653,4.8 
1654,4.7 
1655,4.4 
1656,4.3 
1657,4.0 
1658,3.7 
1659,3.7 
1660,3.3 
1661,3.0 
1662,2.8 
1663,2.5 
1664,2.5 
1665,2.3 
1666,2.1 
1667,1.8 
1668,1.6 
1669,1.3 
1670,1.2 
1671,1.0 
1672,0.8 
1673,0.6 
1674,8.4 
1675,0.5 
1676,8.1 
1677,7.8 
1678,7.7 
1679,7.7 
1680,7.3 
1681,7.0 
1682,6.7 
1683,6.5 
1684,6.2 
1685,6.0 
1686,6.5 
1687,5.6 
1688,5.4 
1689,5.6 
1690,5.0 
1691,4.8 
1692,4.5 
1693,4.0 
1694,3.9 
1695,3.6 
1696,3.3 
1697,3.1 
1698,2.8 
1699,2.7 
1700,2.5 
1701,2.3 
1702,2.2 
1703,2.0 
1704,1.9 
1705,1.5 
1706,1.3 
1707,1.2 
1708,1.0 
1709,0.7 
1710,8.5 
1711,8.4 
1712,8.2 
1713,8.0 
1714,7.7 
1715,7.4 
1716,7.2 
1717,7.1 
1718,6.7 
1719,6.5 
1720,6.2 
1721,6.0 
1722,5.9 
1723,5.6 
1724,5.3 
1725,5.0 
1726,4.9 
1727,4.6 
1728,4.3 
1729,4.1 
1730,3.8 
1731,3.6 
1732,3.4 
1733,3.1 
1734,2.8 
1735,2.5 
1736,2.4 
1737,2.1 
1738,1.9 
1739,1.7 
1740,1.5 
1741,1.3 
1742,1.1 
1743,0.9 
1744,0.7 
1745,0.7 
1746,0.5 
1747,8.0 
1748,7.8 
1749,7.5 
1750,7.2 
1751,7.1 
1752,6.9 
1753,6.7 
1754,6.4 
1755,6.1 
1756,5.8 
1757,5.6 
1758,5.3 
1759,5.1 
1760,4.8 
1761,4.7 
1762,4.4 
1763,4.2 
1764,3.9 
1765,3.7 
1766,3.5 
1767,3.3 
1768,2.9 
1769,2.6 
1770,2.5 
1771,2.2 
1772,1.9 
1773,1.8 
1774,1.5 
1775,1.2 
1776,1.1 
1777,0.9 
1778,0.7 
1779,11.7 
1780,11.5 
1781,8.1 
1782,8.1 
1783,7.9 
1784,7.6 
1785,10.6 
1786,7.1 
1787,6.9 
1788,6.6 
1789,9.5 
1790,6.0 
1791,8.9 
1792,5.7 
1793,8.5 
1794,5.2 
1795,4.9 
1796,4.7 
1797,4.5 
1798,7.4 
1799,4.0 
1800,3.7 
1801,3.5 
1802,3.3 
1803,3.1 
1804,2.8 
1805,2.7 
1806,2.5 
1807,2.2 
1808,2.1 
1809,1.8 
1810,1.6 
1811,1.3 
1812,1.1 
1813,1.0 
1814,0.7 
1815,0.7 
1816,8.3 
1817,8.0 
1818,7.8 
1819,7.5 
1820,7.4 
1821,7.1 
1822,7.0 
1823,6.8 
1824,6.4 
1825,6.2 
1826,6.0 
1827,5.6 
1828,5.4 
1829,5.1 
1830,4.8 
1831,4.5 
1832,4.2 
1833,4.0 
1834,3.7 
1835,3.4 
1836,3.2 
1837,3.0 
1838,2.8 
1839,2.5 
1840,2.4 
1841,2.2 
1842,2.0 
1843,1.7 
1844,1.8 
1845,1.2 
1846,1.1 
1847,0.9 
1848,0.7 
1849,0.6 
1850,8.3 
1851,8.6 
1852,7.8 
1853,7.6 
1854,7.4 
1855,7.2 
1856,7.1 
1857,6.7 
1858,6.6 
1859,6.3 
1860,6.0 
1861,5.9 
1862,5.7 
1863,5.5 
1864,5.3 
1865,5.1 
1866,4.8 
1867,4.7 
1868,4.5 
1869,4.2 
1870,4.0 
1871,3.7 
1872,3.4 
1873,3.2 
1874,2.9 
1875,2.5 
1876,2.4 
1877,2.1 
1878,1.9 
1879,1.6 
1880,1.4 
1881,1.2 
1882,0.9 
1883,0.8 
1884,0.7 
1885,8.4 
1886,8.1 
1887,7.8 
1888,7.6 
1889,7.5 
1890,7.2 
1891,7.1 
1892,6.8 
1893,6.8 
1894,6.5 
1895,6.2 
1896,6.0 
1897,6.0 
1898,5.7 
1899,5.6 
1900,5.3 
1901,5.0 
1902,4.8 
1903,4.6 
1904,4.3 
1905,4.1 
1906,3.9 
1907,3.6 
1908,3.6 
1909,3.1 
1910,2.8 
1911,2.7 
1912,2.4 
1913,2.3 
1914,2.0 
1915,1.8 
1916,1.6 
1917,1.4 
1918,1.2 
1919,1.0 
1920,0.6 
1921,0.6 
1922,8.0 
1923,7.8 
1924,7.6 
1925,7.4 
1926,7.3 
1927,7.0 
1928,6.9 
1929,6.6 
1930,6.2 
1931,5.9 
1932,5.6 
1933,5.3 
1934,5.1 
1935,4.9 
1936,4.7 
1937,2.3 
1938,2.0 
1939,1.9 
1940,1.7 
1941,1.4 
1942,1.2 
1943,0.9 
1944,0.8 
1945,0.7 
1946,0.6 
1947,8.3 
1948,7.9 
1949,10.8 
1950,7.6 
1951,7.3 
1952,7.1 
1953,6.8 
1954,9.7 
1955,6.2 
1956,9.2 
1957,5.8 
1958,5.6 
1959,5.3 
1960,8.5 
1961,4.9 
1962,4.7 
1963,7.4 
1964,4.3 
1965,3.9 
1966,3.6 
1967,3.4 
1968,3.1 
1969,2.9 
1970,2.7 
1971,2.4 
1972,2.2 
1973,2.0 
1974,1.8 
1975,4.7 
1976,1.3 
1977,4.4 
1978,3.9 
1979,0.7 
1980,0.8 
1981,8.2 
1982,4.9 
1983,4.5 
1984,6.4 
1985,6.1 
1986,5.8 
1987,5.6 
1988,5.3 
1989,5.0 
1990,4.8 
1991,4.6 
1992,8.3 
1993,8.0 
1994,3.9 
1995,3.2 
1996,3.0 
1997,2.8 
1998,2.5 
1999,2.3 
2000,2.0 
2001,1.9 
2002,6.3 
2003,1.4 
2004,1.2 
2005,0.9 
2006,0.8 
2007,0.7 
2008,8.4 
2009,8.1 
2010,7.8 
2011,7.7 
2012,7.5 
2013,7.3 
2014,7.1 
2015,6.9 
2016,6.7 
2017,6.5 
2018,6.2 
2019,6.0 
2020,5.8 
2021,5.5 
2022,5.3 
2023,5.0 
2024,7.3 
2025,4.7 
2026,4.4 
2027,4.1 
2028,3.9 
2029,3.3 
2030,3.1 
2031,2.8 
2032,2.5 
2033,2.3 
2034,2.1 
2035,2.1 
2036,1.8 
2037,1.7 
2038,1.3 
2039,1.2 
2040,1.0 
2041,0.8 
2042,0.7 
2043,8.4 
2044,8.5 
2045,8.0 
2046,7.8 
2047,9.5 
2048,7.4 
2049,7.3 
2050,7.1 
2051,6.9 
2052,6.6 
2053,9.1 
2054,6.1 
2055,5.9 
2056,5.7 
2057,7.8 
2058,5.2 
2059,4.9 
2060,4.7 
2061,4.5 
2062,4.2 
2063,3.6 
2064,3.5 
2065,5.0 
2066,2.9 
2067,2.6 
2068,4.3 
2069,3.9 
2070,3.7 
2071,4.0 
2072,1.3 
2073,1.1 
2074,0.9 
2075,5.7 
2076,5.3 
2077,5.0 
2078,4.8 
2079,4.6 
2080,4.4 
2081,4.2 
2082,3.9 
2083,3.6 
2084,3.6 
2085,3.3 
2086,3.0 
2087,2.7 
2088,2.6 
2089,9.6 
2090,6.1 
2091,5.9 
2092,5.6 
2093,8.7 
2094,8.3 
2095,5.0 
2096,4.8 
2097,4.4 
2098,4.3 
2099,7.3 
2100,7.0 
2101,3.6 
2102,3.4 
2103,3.0 
2104,6.5 
2105,5.7 
2106,5.4 
2107,5.1 
2108,4.9 
2109,4.6 
2110,4.4 
2111,4.2 
2112,4.1 
2113,3.9 
2114,3.6 
2115,3.4 
2116,3.2 
2117,3.0 
2118,2.7 
2119,2.4 
2120,2.2 
2121,2.0 
2122,1.7 
2123,1.5 
2124,1.3 
2125,8.0 
2126,7.7 
2127,7.6 
2128,7.3 
2129,7.1 
2130,6.9 
2131,6.6 
2132,6.5 
2133,5.8 
2134,5.3 
2135,5.0 
2136,5.7 
2137,4.2 
2138,4.0 
2139,3.8 
2140,2.9 
2141,1.9 
2142,1.3 
2143,9.1 
2144,0.9 
2145,8.6 
2146,0.6 
2147,8.2 
2148,7.7 
2149,7.3 
2150,7.0 
2151,6.7 
2152,6.6 
2153,3.2 
2154,3.0 
2155,2.9 
2156,2.6 
2157,10.5 
2158,2.2 
2159,2.0 
2160,1.8 
2161,1.6 
2162,1.5 
2163,0.8 
2164,8.5 
2165,10.2 
2166,8.0 
2167,7.7 
2168,9.1 
2169,9.2 
2170,6.8 
2171,6.5 
2172,6.4 
2173,6.1 
2174,5.9 
2175,5.8 
2176,5.6 
2177,8.3 
2178,7.7 
2179,7.7 
2180,7.3 
2181,7.1 
2182,6.9 
2183,6.7 
2184,6.5 
2185,6.1 
2186,5.9 
2187,5.5 
2188,5.0 
2189,4.8 
2190,4.5 
2191,4.3 
2192,3.9 
2193,2.0 
2194,1.8 
2195,1.5 
2196,1.3 
2197,1.2 
2198,1.0 
2199,0.8 
2200,0.7 
2201,0.6 
2202,8.3 
2203,8.0 
2204,7.9 
2205,7.6 
2206,7.4 
2207,7.1 
2208,6.8 
2209,6.3 
2210,6.0 
2211,5.7 
2212,5.6 
2213,8.7 
2214,5.1 
2215,4.9 
2216,4.8 
2217,4.5 
2218,4.2 
2219,7.3 
2220,3.9 
2221,3.6 
2222,3.4 
2223,3.2 
2224,3.0 
2225,2.7 
2226,2.8 
2227,2.4 
2228,2.1 
2229,1.9 
2230,4.9 
2231,1.3 
2232,5.2 
2233,4.4 
2234,4.0 
2235,3.8 
2236,3.6 
2237,3.3 
2238,3.0 
2239,2.7 
2240,2.6 
2241,2.0 
2242,0.8 
2243,8.5 
2244,0.5 
2245,8.0 
2246,7.9 
2247,7.7 
2248,7.4 
2249,7.2 
2250,7.0 
2251,6.7 
2252,6.5 
2253,6.3 
2254,6.0 
2255,5.9 
2256,5.7 
2257,5.4 
2258,5.2 
2259,4.9 
2260,4.7 
2261,4.5 
2262,4.2 
2263,4.1 
2264,3.7 
2265,3.6 
2266,3.2 
2267,3.0 
2268,2.8 
2269,2.6 
2270,2.5 
2271,2.2 
2272,1.9 
2273,1.7 
2274,1.4 
2275,8.9 
2276,4.7 
2277,4.0 
2278,11.8 
2279,6.5 
2280,6.3 
2281,2.9 
2282,2.6 
2283,2.5 
2284,2.2 
2285,2.0 
2286,1.9 
2287,1.5 
2288,1.3 
2289,1.1 
2290,0.9 
2291,0.6 
2292,0.6 
2293,0.5 
2294,8.0 
2295,7.8 
2296,7.6 
2297,9.4 
2298,7.2 
2299,6.9 
2300,8.5 
2301,6.3 
2302,6.0 
2303,5.8 
2304,5.5 
2305,5.3 
2306,5.0 
2307,7.4 
2308,4.7 
2309,6.6 
2310,4.3 
2311,4.0 
2312,4.2 
2313,3.6 
2314,3.4 
2315,3.1 
2316,2.9 
2317,2.6 
2318,2.4 
2319,2.2 
2320,2.0 
2321,1.7 
2322,4.1 
2323,1.3 
2324,1.1 
2325,0.9 
2326,0.7 
2327,8.4 
2328,8.1 
2329,5.8 
2330,5.7 
2331,5.4 
2332,5.2 
2333,5.0 
2334,4.8 
2335,4.6 
2336,4.3 
2337,4.0 
2338,3.7 
2339,3.6 
2340,3.2 
2341,3.0 
2342,2.8 
2343,2.6 
2344,2.4 
2345,2.3 
2346,2.0 
2347,1.8 
2348,1.5 
2349,1.3 
2350,1.2 
2351,0.9 
2352,0.8 
2353,0.6 
2354,0.5 
2355,8.0 
2356,7.7 
2357,7.5 
2358,7.4 
2359,7.3 
2360,7.0 
2361,6.7 
2362,6.4 
2363,6.1 
2364,5.9 
2365,5.7 
2366,5.5 
2367,5.3 
2368,5.1 
2369,4.8 
2370,4.6 
2371,4.3 
2372,4.1 
2373,3.9 
2374,3.3 
2375,3.1 
2376,2.7 
2377,2.7 
2378,2.3 
2379,2.2 
2380,1.9 
2381,8.4 
2382,8.2 
2383,8.0 
2384,7.8 
2385,7.5 
2386,7.3 
2387,7.2 
2388,6.9 
2389,6.8 
2390,6.6 
2391,6.4 
2392,6.1 
2393,5.8 
2394,5.6 
2395,5.3 
2396,5.0 
2397,4.8 
2398,4.7 
2399,4.4 
2400,4.2 
2401,3.9 
2402,3.8 
2403,3.7 
2404,3.5 
2405,3.1 
2406,2.9 
2407,2.6 
2408,2.4 
2409,2.3 
2410,2.1 
2411,1.9 
2412,1.8 
2413,5.5 
2414,5.2 
2415,5.0 
2416,4.5 
2417,4.1 
2418,3.9 
2419,3.6 
2420,3.1 
2421,2.9 
2422,2.7 
2423,2.4 
2424,2.2 
2425,2.1 
2426,1.8 
2427,1.6 
2428,7.2 
2429,7.0 
2430,6.8 
2431,6.6 
2432,6.4 
2433,6.1 
2434,6.0 
2435,5.6 
2436,5.4 
2437,5.2 
2438,4.9 
2439,4.4 
2440,4.0 
2441,3.7 
2442,3.6 
2443,3.3 
2444,3.0 
2445,2.7 
2446,2.4 
2447,2.2 
2448,2.0 
2449,1.8 
2450,1.5 
2451,1.3 
2452,1.1 
2453,0.9 
2454,0.7 
2455,8.4 
2456,7.9 
2457,7.8 
2458,7.6 
2459,7.4 
2460,7.2 
2461,7.0 
2462,6.7 
2463,6.5 
2464,6.2 
2465,7.6 
2466,5.9 
2467,5.7 
2468,4.4 
2469,1.3 
2470,1.2 
2471,0.9 
2472,0.7 
2473,8.6 
2474,8.4 
2475,8.0 
2476,7.8 
2477,3.7 
2478,3.3 
2479,2.7 
2480,2.4 
2481,2.2 
2482,2.0 
2483,1.9 
2484,1.7 
2485,1.4 
2486,1.3 
2487,1.3 
2488,1.0 
2489,0.8 
2490,0.6 
2491,8.4 
2492,8.1 
2493,7.9 
2494,7.7 
2495,7.6 
2496,7.2 
2497,7.0 
2498,6.8 
2499,6.6 
2500,6.3 
2501,6.1 
2502,6.1 
2503,5.6 
2504,5.4 
2505,5.2 
2506,4.9 
2507,4.7 
2508,4.4 
2509,4.0 
2510,3.8 
2511,3.6 
2512,3.5 
2513,3.2 
2514,3.0 
2515,2.7 
2516,2.5 
2517,2.4 
2518,2.3 
2519,1.9 
2520,8.1 
2521,7.9 
2522,7.7 
2523,7.5 
2524,7.3 
2525,7.0 
2526,6.8 
2527,6.6 
2528,6.3 
2529,6.2 
2530,5.8 
2531,5.7 
2532,5.4 
2533,5.2 
2534,4.9 
2535,4.7 
2536,4.4 
2537,4.2 
2538,4.1 
2539,3.9 
2540,3.7 
2541,3.5 
2542,3.1 
2543,3.0 
2544,2.7 
2545,2.5 
2546,2.4 
2547,2.2 
2548,1.9 
2549,1.6 
2550,1.4 
2551,1.3 
2552,1.0 
2553,0.8 
2554,0.7 
2555,8.4 
2556,7.9 
2557,7.7 
2558,7.5 
2559,7.3 
2560,7.0 
2561,6.9 
2562,6.6 
2563,6.4 
2564,6.1 
2565,6.0 
2566,5.8 
2567,5.5 
2568,5.3 
2569,5.0 
2570,4.9 
2571,4.6 
2572,4.4 
2573,4.0 
2574,1.1 
2575,1.0 
2576,0.8 
2577,8.4 
2578,4.2 
2579,3.7 
2580,3.6 
2581,3.4 
2582,6.0 
2583,1.5 
2584,5.5 
2585,5.6 
2586,1.5 
2587,1.0 
2588,4.6 
2589,6.3 
2590,4.1 
2591,3.8 
2592,3.7 
2593,3.4 
2594,3.3 
2595,3.1 
2596,2.8 
2597,2.5 
2598,2.3 
2599,2.1 
2600,1.9 
2601,1.6 
2602,1.4 
2603,1.2 
2604,0.9 
2605,0.8 
2606,8.8 
2607,8.3 
2608,8.1 
2609,7.9 
2610,7.5 
2611,7.3 
2612,7.2 
2613,7.1 
2614,6.7 
2615,6.5 
2616,6.2 
2617,6.0 
2618,5.8 
2619,5.5 
2620,5.3 
2621,5.0 
2622,4.8 
2623,4.7 
2624,4.4 
2625,4.0 
2626,3.7 
2627,3.7 
2628,3.4 
2629,3.2 
2630,3.1 
2631,2.7 
2632,7.6 
2633,7.3 
2634,7.1 
2635,8.4 
2636,6.7 
2637,6.3 
2638,6.1 
2639,5.8 
2640,5.5 
2641,5.3 
2642,5.2 
2643,4.9 
2644,4.8 
2645,4.4 
2646,4.0 
2647,3.7 
2648,3.5 
2649,3.2 
2650,3.0 
2651,2.8 
2652,2.6 
2653,2.4 
2654,2.4 
2655,2.1 
2656,1.9 
2657,1.6 
2658,1.3 
2659,1.2 
2660,1.2 
2661,0.8 
2662,0.7 
2663,8.5 
2664,8.2 
2665,8.0 
2666,7.7 
2667,7.5 
2668,7.2 
2669,7.0 
2670,6.8 
2671,6.6 
2672,6.2 
2673,6.0 
2674,5.8 
2675,5.6 
2676,5.4 
2677,5.1 
2678,4.8 
2679,2.7 
2680,6.5 
2681,7.5 
2682,1.8 
2683,9.4 
2684,1.2 
2685,1.0 
2686,0.8 
2687,0.5 
2688,10.6 
2689,8.1 
2690,7.9 
2691,7.7 
2692,3.5 
2693,3.2 
2694,3.0 
2695,2.8 
2696,2.5 
2697,2.4 
2698,2.1 
2699,1.9 
2700,1.7 
2701,1.5 
2702,0.7 
2703,8.5 
2704,8.2 
2705,8.0 
2706,7.7 
2707,7.5 
2708,7.3 
2709,7.2 
2710,6.9 
2711,6.8 
2712,6.5 
2713,6.4 
2714,2.2 
2715,5.9 
2716,5.9 
2717,5.5 
2718,5.3 
2719,5.0 
2720,4.7 
2721,4.5 
2722,4.0 
2723,3.8 
2724,3.6 
2725,3.3 
2726,3.0 
2727,2.9 
2728,2.6 
2729,2.4 
2730,2.3 
2731,1.3 
2732,0.8 
2733,8.5 
2734,0.5 
2735,8.1 
2736,7.8 
2737,7.6 
2738,7.3 
2739,7.3 
2740,6.9 
2741,6.7 
2742,6.3 
2743,6.1 
2744,5.9 
2745,5.7 
2746,5.5 
2747,5.3 
2748,5.0 
2749,4.7 
2750,4.7 
2751,4.2 
2752,3.9 
2753,3.7 
2754,3.5 
2755,3.3 
2756,3.1 
2757,2.8 
2758,2.5 
2759,2.4 
2760,2.2 
2761,2.0 
2762,1.8 
2763,1.6 
2764,1.4 
2765,1.2 
2766,1.5 
2767,0.8 
2768,0.6 
2769,8.5 
2770,8.3 
2771,7.9 
2772,7.8 
2773,4.0 
2774,3.8 
2775,3.6 
2776,3.4 
2777,3.1 
2778,3.0 
2779,2.7 
2780,1.8 
2781,0.9 
2782,0.6 
2783,8.3 
2784,8.3 
2785,6.8 
2786,6.6 
2787,6.3 
2788,7.1 
2789,6.0 
2790,5.9 
2791,5.6 
2792,5.3 
2793,6.0 
2794,4.8 
2795,5.5 
2796,4.2 
2797,4.0 
2798,4.8 
2799,3.5 
2800,3.3 
2801,3.1 
2802,2.8 
2803,2.4 
2804,2.4 
2805,2.1 
2806,2.0 
2807,1.8 
2808,1.6 
2809,1.4 
2810,1.3 
2811,1.0 
2812,0.8 
2813,0.7 
2814,8.4 
2815,8.1 
2816,7.0 
2817,6.9 
2818,6.6 
2819,6.3 
2820,6.2 
2821,6.0 
2822,5.9 
2823,5.6 
2824,5.3 
2825,5.1 
2826,4.8 
2827,4.4 
2828,4.3 
2829,4.0 
2830,3.7 
2831,3.5 
2832,3.3 
2833,3.0 
2834,2.4 
2835,6.1 
2836,5.8 
2837,5.4 
2838,4.7 
2839,4.5 
2840,4.3 
2841,4.0 
2842,7.7 
2843,7.6 
2844,7.3 
2845,7.2 
2846,6.8 
2847,6.7 
2848,6.5 
2849,6.1 
2850,6.0 
2851,5.6 
2852,2.2 
2853,1.0 
2854,0.8 
2855,7.7 
2856,7.5 
2857,7.0 
2858,5.6 
2859,5.4 
2860,5.3 
2861,5.0 
2862,4.8 
2863,4.5 
2864,4.2 
2865,3.9 
2866,3.7 
2867,3.3 
2868,3.1 
2869,2.8 
2870,6.4 
2871,6.2 
2872,6.1 
2873,5.8 
2874,5.6 
2875,5.4 
2876,0.8 
2877,0.7 
2878,8.6 
2879,8.2 
2880,8.0 
2881,7.7 
2882,7.4 
2883,7.1 
2884,6.9 
2885,6.8 
2886,6.5 
2887,6.5 
2888,6.0 
2889,6.0 
2890,5.6 
2891,5.4 
2892,5.1 
2893,4.9 
2894,4.6 
2895,4.5 
2896,4.5 
2897,4.2 
2898,3.2 
2899,8.1 
2900,7.8 
2901,7.7 
2902,7.5 
2903,7.2 
2904,7.1 
2905,6.8 
2906,6.5 
2907,6.3 
2908,6.1 
2909,6.0 
2910,5.7 
2911,5.5 
2912,5.3 
2913,5.1 
2914,4.8 
2915,4.6 
2916,4.3 
2917,4.1 
2918,3.7 
2919,3.5 
2920,3.3 
2921,3.1 
2922,2.9 
2923,2.6 
2924,2.4 
2925,2.2 
2926,2.1 
2927,1.8 
2928,1.7 
2929,1.3 
2930,1.2 
2931,1.0 
2932,0.8 
2933,0.6 
2934,0.5 
2935,8.3 
2936,8.0 
2937,7.8 
2938,7.7 
2939,7.4 
2940,7.1 
2941,7.0 
2942,6.7 
2943,6.5 
2944,7.0 
2945,1002.9 
2946,8.3 
2947,8.3 
2948,10.4 
2949,7.6 
2950,7.3 
2951,3.0 
2952,2.9 
2953,2.7 
2954,2.4 
2955,2.3 
2956,2.0 
2957,1.9 
2958,1.6 
2959,1.3 
2960,1.2 
2961,0.9 
2962,0.7 
2963,8.4 
2964,8.0 
2965,8.0 
2966,7.8 
2967,7.4 
2968,7.1 
2969,7.0 
2970,6.7 
2971,6.6 
2972,6.5 
2973,6.1 
2974,6.0 
2975,5.6 
2976,5.5 
2977,5.3 
2978,5.0 
2979,4.8 
2980,4.6 
2981,4.4 
2982,4.2 
2983,3.9 
2984,3.6 
2985,3.5 
2986,3.2 
2987,3.0 
2988,2.8 
2989,1.4 
2990,1.3 
2991,1.1 
2992,0.9 
2993,0.7 
2994,8.5 
2995,8.3 
2996,8.1 
2997,7.8 
2998,7.7 
2999,7.3 
3000,7.1 
3001,6.9 
3002,6.7 
3003,6.5 
3004,6.2 
3005,6.0 
3006,5.8 
3007,5.6 
3008,5.3 
3009,5.1 
3010,4.9 
3011,4.7 
3012,4.6 
3013,4.1 
3014,3.8 
3015,3.7 
3016,3.2 
3017,3.0 
3018,2.7 
3019,2.5 
3020,2.3 
3021,2.1 
3022,1.9 
3023,1.6 
3024,1.3 
3025,1.2 
3026,0.9 
3027,0.7 
3028,8.4 
3029,8.1 
3030,7.9 
3031,7.6 
3032,7.3 
3033,7.1 
3034,6.9 
3035,6.7 
3036,6.4 
3037,6.2 
3038,6.0 
3039,5.8 
3040,5.6 
3041,4.0 
3042,3.8 
3043,3.6 
3044,3.3 
3045,3.0 
3046,2.8 
3047,2.6 
3048,2.0 
3049,5.5 
3050,5.4 
3051,1.3 
3052,4.9 
3053,4.7 
3054,4.4 
3055,4.0 
3056,7.9 
3057,12.1 
3058,3.4 
3059,11.1 
3060,2.8 
3061,2.5 
3062,3.2 
3063,2.1 
3064,1.6 
3065,1.4 
3066,1.3 
3067,1.1 
3068,0.8 
3069,0.7 
3070,8.5 
3071,8.3 
3072,8.1 
3073,7.8 
3074,7.6 
3075,7.2 
3076,6.9 
3077,6.6 
3078,6.4 
3079,6.0 
3080,2.4 
3081,2.2 
3082,2.0 
3083,1.8 
3084,1.5 
3085,1.3 
3086,1.1 
3087,0.9 
3088,0.7 
3089,8.6 
3090,8.3 
3091,11.2 
3092,7.9 
3093,7.7 
3094,7.5 
3095,7.1 
3096,7.0 
3097,6.9 
3098,6.8 
3099,6.5 
3100,6.1 
3101,6.0 
3102,5.8 
3103,5.6 
3104,5.3 
3105,5.1 
3106,4.9 
3107,4.7 
3108,4.5 
3109,4.3 
3110,4.0 
3111,3.7 
3112,3.6 
3113,3.4 
3114,3.1 
3115,2.8 
3116,2.6 
3117,2.4 
3118,2.2 
3119,2.0 
3120,1.8 
3121,1.6 
3122,3.8 
3123,1.0 
3124,8.7 
3125,4.4 
3126,8.3 
3127,5.0 
3128,4.7 
3129,4.4 
3130,4.2 
3131,3.9 
3132,3.7 
3133,3.4 
3134,3.2 
3135,3.0 
3136,2.8 
3137,2.5 
3138,2.4 
3139,2.3 
3140,2.0 
3141,1.7 
3142,1.5 
3143,1.5 
3144,1.2 
3145,1.0 
3146,0.7 
3147,8.5 
3148,8.3 
3149,8.1 
3150,7.8 
3151,7.6 
3152,7.9 
3153,7.2 
3154,6.9 
3155,6.7 
3156,6.4 
3157,6.1 
3158,5.8 
3159,5.6 
3160,5.4 
3161,5.2 
3162,4.9 
3163,4.7 
3164,4.5 
3165,4.2 
3166,3.9 
3167,3.7 
3168,3.7 
3169,3.4 
3170,3.1 
3171,2.8 
3172,7.9 
3173,7.6 
3174,7.4 
3175,7.2 
3176,7.1 
3177,6.9 
3178,6.6 
3179,6.5 
3180,6.2 
3181,6.0 
3182,5.9 
3183,5.6 
3184,5.4 
3185,1.2 
3186,4.9 
3187,4.7 
3188,4.4 
3189,4.3 
3190,4.0 
3191,3.9 
3192,3.7 
3193,3.4 
3194,3.2 
3195,2.9 
3196,2.6 
3197,2.5 
3198,2.2 
3199,1.9 
3200,1.7 
3201,1.5 
3202,1.3 
3203,0.8 
3204,0.7 
3205,0.5 
3206,8.3 
3207,8.0 
3208,7.8 
3209,7.6 
3210,7.0 
3211,6.8 
3212,6.4 
3213,6.2 
3214,6.0 
3215,5.8 
3216,5.5 
3217,5.2 
3218,2.5 
3219,2.1 
3220,1.9 
3221,1.7 
3222,1.4 
3223,1.3 
3224,1.0 
3225,0.8 
3226,0.8 
3227,11.2 
3228,8.0 
3229,4.3 
3230,3.4 
3231,3.2 
3232,3.0 
3233,2.8 
3234,2.6 
3235,2.3 
3236,2.1 
3237,2.0 
3238,1.7 
3239,1.4 
3240,1.3 
3241,1.1 
3242,0.8 
3243,0.7 
3244,0.6 
3245,0.5 
3246,8.0 
3247,7.7 
3248,7.5 
3249,7.3 
3250,6.8 
3251,6.6 
3252,6.2 
3253,5.9 
3254,5.8 
3255,5.5 
3256,1.2 
3257,4.8 
3258,1.2 
3259,1.0 
3260,0.8 
3261,0.6 
3262,8.4 
3263,8.0 
3264,7.9 
3265,7.7 
3266,7.7 
3267,7.2 
3268,7.0 
3269,6.7 
3270,6.6 
3271,6.3 
3272,6.0 
3273,5.7 
3274,5.8 
3275,5.3 
3276,5.0 
3277,4.8 
3278,4.6 
3279,4.2 
3280,4.0 
3281,3.7 
3282,3.5 
3283,3.4 
3284,3.2 
3285,2.9 
3286,2.5 
3287,2.2 
3288,2.0 
3289,1.8 
3290,1.9 
3291,1.4 
3292,1.2 
3293,1.0 
3294,0.7 
3295,0.6 
3296,8.2 
3297,8.1 
3298,7.8 
3299,7.5 
3300,7.2 
3301,7.1 
3302,7.0 
3303,6.6 
3304,6.3 
3305,6.0 
3306,5.8 
3307,5.7 
3308,5.4 
3309,3.9 
3310,3.7 
3311,3.5 
3312,3.2 
3313,3.0 
3314,2.8 
3315,2.6 
3316,2.4 
3317,2.1 
3318,1.9 
3319,1.6 
3320,1.3 
3321,1.2 
3322,0.8 
3323,0.6 
3324,8.4 
3325,8.3 
3326,9.4 
3327,7.8 
3328,7.6 
3329,8.8 
3330,9.0 
3331,7.0 
3332,6.6 
3333,6.5 
3334,6.3 
3335,6.0 
3336,7.9 
3337,5.6 
3338,5.3 
3339,4.9 
3340,4.8 
3341,4.4 
3342,4.3 
3343,5.3 
3344,3.7 
3345,3.5 
3346,3.4 
3347,3.2 
3348,3.0 
3349,2.7 
3350,2.5 
3351,3.8 
3352,2.1 
3353,1.9 
3354,1.7 
3355,1.5 
3356,1.3 
3357,1.1 
3358,6.4 
3359,6.2 
3360,5.8 
3361,5.6 
3362,5.4 
3363,5.0 
3364,4.8 
3365,4.6 
3366,4.4 
3367,4.2 
3368,3.9 
3369,3.8 
3370,3.6 
3371,3.3 
3372,3.0 
3373,2.8 
3374,2.5 
3375,2.4 
3376,2.2 
3377,1.9 
3378,1.7 
3379,1.4 
3380,1.3 
3381,1.0 
3382,0.8 
3383,0.8 
3384,8.4 
3385,8.0 
3386,7.8 
3387,7.7 
3388,7.5 
3389,7.2 
3390,7.0 
3391,6.9 
3392,6.7 
3393,6.6 
3394,6.3 
3395,6.0 
3396,5.8 
3397,5.6 
3398,5.3 
3399,5.0 
3400,4.8 
3401,1.2 
3402,9.1 
3403,1.4 
3404,5.0 
3405,4.9 
3406,3.9 
3407,3.5 
3408,8.4 
3409,8.2 
3410,7.0 
3411,6.7 
3412,6.5 
3413,2.3 
3414,2.1 
3415,5.8 
3416,5.5 
3417,5.3 
3418,5.6 
3419,5.5 
3420,3.9 
3421,7.7 
3422,7.3 
3423,7.2 
3424,6.9 
3425,3.7 
3426,3.4 
3427,3.1 
3428,2.9 
3429,2.7 
3430,2.4 
3431,2.2 
3432,1.9 
3433,1.7 
3434,1.5 
3435,1.3 
3436,1.2 
3437,0.9 
3438,0.7 
3439,8.5 
3440,8.3 
3441,8.1 
3442,7.8 
3443,7.6 
3444,7.4 
3445,7.2 
3446,7.1 
3447,6.9 
3448,6.6 
3449,6.5 
3450,6.3 
3451,6.1 
3452,5.9 
3453,5.6 
3454,5.4 
3455,5.2 
3456,4.8 
3457,4.6 
3458,4.3 
3459,4.2 
3460,3.9 
3461,3.6 
3462,3.4 
3463,3.2 
3464,3.0 
3465,2.7 
3466,2.4 
3467,2.2 
3468,2.0 
3469,1.7 
3470,5.5 
3471,5.3 
3472,4.9 
3473,4.7 
3474,4.5 
3475,4.3 
3476,4.4 
3477,3.7 
3478,3.5 
3479,3.3 
3480,3.0 
3481,2.8 
3482,2.6 
3483,2.4 
3484,2.2 
3485,1.9 
3486,1.8 
3487,1.5 
3488,1.2 
3489,1.1 
3490,0.9 
3491,8.5 
3492,8.2 
3493,8.0 
3494,7.8 
3495,7.5 
3496,7.3 
3497,7.1 
3498,6.8 
3499,6.7 
3500,6.3 
3501,6.1 
3502,5.9 
3503,5.6 
3504,8.1 
3505,8.1 
3506,4.7 
3507,4.4 
3508,7.0 
3509,3.6 
3510,3.8 
3511,3.3 
3512,2.8 
3513,2.7 
3514,2.5 
3515,2.3 
3516,2.1 
3517,4.8 
3518,1.6 
3519,1.1 
3520,3.9 
3521,0.7 
3522,8.4 
3523,8.0 
3524,7.8 
3525,7.6 
3526,7.2 
3527,7.1 
3528,4.9 
3529,4.8 
3530,4.5 
3531,4.3 
3532,4.1 
3533,3.7 
3534,3.5 
3535,3.2 
3536,3.0 
3537,2.8 
3538,2.6 
3539,2.4 
3540,2.2 
3541,2.0 
3542,1.8 
3543,1.6 
3544,1.3 
3545,1.1 
3546,0.8 
3547,0.7 
3548,0.5 
3549,8.0 
3550,8.2 
3551,7.6 
3552,7.3 
3553,7.3 
3554,7.0 
3555,6.8 
3556,6.6 
3557,6.3 
3558,6.0 
3559,5.8 
3560,5.6 
3561,5.3 
3562,5.1 
3563,4.9 
3564,4.7 
3565,4.5 
3566,4.2 
3567,4.0 
3568,3.8 
3569,3.6 
3570,3.2 
3571,3.0 
3572,2.6 
3573,2.5 
3574,2.2 
3575,2.1 
3576,1.8 
3577,1.5 
3578,1.3 
3579,5.0 
3580,4.8 
3581,4.9 
3582,4.6 
3583,5.2 
3584,3.9 
3585,4.1 
3586,3.5 
3587,3.2 
3588,3.0 
3589,2.7 
3590,2.4 
3591,2.3 
3592,2.2 
3593,1.9 
3594,2.0 
3595,1.4 
3596,1.2 
3597,0.9 
3598,0.8 
3599,0.5 
3600,8.4 
3601,8.0 
3602,7.7 
3603,7.4 
3604,7.0 
3605,6.7 
3606,6.5 
3607,6.3 
3608,6.0 
3609,5.8 
3610,5.5 
3611,5.2 
3612,5.0 
3613,4.7 
3614,4.6 
3615,4.3 
3616,3.9 
3617,3.8 
3618,3.5 
3619,5.5 
3620,4.8 
3621,2.8 
3622,4.6 
3623,2.4 
3624,2.1 
3625,1.9 
3626,1.7 
3627,1.6 
3628,1.4 
3629,1.3 
3630,1.1 
3631,0.8 
3632,6.4 
3633,6.1 
3634,6.0 
3635,5.8 
3636,5.5 
3637,5.3 
3638,7.2 
3639,4.8 
3640,4.7 
3641,4.5 
3642,4.2 
3643,4.0 
3644,3.8 
3645,3.5 
3646,3.3 
3647,3.0 
3648,2.7 
3649,2.6 
3650,2.6 
3651,2.2 
3652,2.1 
3653,1.9 
3654,1.7 
3655,1.5 
3656,1.3 
3657,1.1 
3658,0.9 
3659,0.7 
3660,8.4 
3661,8.3 
3662,8.0 
3663,7.8 
3664,7.5 
3665,7.3 
3666,6.9 
3667,2.8 
3668,2.5 
3669,2.4 
3670,2.2 
3671,1.8 
3672,1.6 
3673,4.3 
3674,1.2 
3675,1.0 
3676,0.8 
3677,0.7 
3678,8.5 
3679,8.4 
3680,8.0 
3681,5.0 
3682,4.8 
3683,4.6 
3684,8.4 
3685,4.0 
3686,3.8 
3687,3.7 
3688,3.5 
3689,3.3 
3690,3.1 
3691,2.9 
3692,2.7 
3693,2.5 
3694,2.4 
3695,2.1 
3696,1.8 
3697,1.5 
3698,1.5 
3699,1.1 
3700,0.8 
3701,0.7 
3702,8.5 
3703,8.3 
3704,8.0 
3705,7.8 
3706,7.7 
3707,7.5 
3708,7.3 
3709,7.9 
3710,6.8 
3711,6.7 
3712,6.4 
3713,6.2 
3714,6.7 
3715,5.8 
3716,5.5 
3717,5.4 
3718,5.1 
3719,4.8 
3720,4.6 
3721,4.3 
3722,4.0 
3723,4.1 
3724,3.5 
3725,3.2 
3726,2.9 
3727,2.6 
3728,2.4 
3729,2.2 
3730,2.1 
3731,1.9 
3732,1.6 
3733,1.4 
3734,1.3 
3735,1.2 
3736,0.9 
3737,0.7 
3738,0.6 
3739,3.7 
3740,3.5 
3741,3.2 
3742,3.0 
3743,2.7 
3744,2.5 
3745,2.2 
3746,2.0 
3747,1.8 
3748,1.6 
3749,1.3 
3750,1.1 
3751,0.9 
3752,0.7 
3753,10.1 
3754,8.2 
3755,7.9 
3756,7.8 
3757,7.5 
3758,7.3 
3759,7.1 
3760,6.8 
3761,6.6 
3762,6.4 
3763,6.1 
3764,5.9 
3765,5.7 
3766,5.5 
3767,6.9 
3768,5.1 
3769,4.9 
3770,4.6 
3771,4.4 
3772,4.1 
3773,5.7 
3774,3.7 
3775,3.5 
3776,3.3 
3777,3.0 
3778,4.4 
3779,2.6 
3780,2.3 
3781,2.1 
3782,1.9 
3783,1.7 
3784,1.4 
3785,1.2 
3786,1.0 
3787,0.8 
3788,8.5 
3789,8.3 
3790,8.0 
3791,7.8 
3792,7.8 
3793,7.5 
3794,7.2 
3795,6.9 
3796,6.9 
3797,6.4 
3798,6.1 
3799,5.9 
3800,5.6 
3801,5.4 
3802,5.2 
3803,4.8 
3804,4.6 
3805,4.3 
3806,4.0 
3807,3.7 
3808,3.1 
3809,9.6 
3810,6.4 
3811,6.1 
3812,8.9 
3813,8.6 
3814,8.3 
3815,8.3 
3816,4.6 
3817,4.5 
3818,7.1 
3819,6.9 
3820,6.8 
3821,3.4 
3822,6.5 
3823,2.9 
3824,2.7 
3825,5.7 
3826,2.2 
3827,2.1 
3828,5.1 
3829,1.7 
3830,4.6 
3831,4.3 
3832,1.1 
3833,0.9 
3834,1.1 
3835,8.0 
3836,7.7 
3837,7.4 
3838,6.9 
3839,4.9 
3840,4.0 
3841,3.8 
3842,3.6 
3843,3.4 
3844,3.2 
3845,6.4 
3846,6.1 
3847,6.0 
3848,5.6 
3849,5.4 
3850,4.5 
3851,3.0 
3852,2.7 
3853,2.4 
3854,2.3 
3855,2.1 
3856,1.9 
3857,1.6 
3858,1.3 
3859,1.2 
3860,0.9 
3861,0.8 
3862,8.5 
3863,8.3 
3864,8.1 
3865,7.9 
3866,7.5 
3867,7.3 
3868,3.1 
3869,2.8 
3870,2.5 
3871,2.3 
3872,2.1 
3873,2.0 
3874,1.7 
3875,1.5 
3876,1.2 
3877,1.0 
3878,0.7 
3879,8.5 
3880,0.6 
3881,8.3 
3882,8.0 
3883,7.7 
3884,7.4 
3885,7.1 
3886,6.8 
3887,6.6 
3888,6.4 
3889,6.1 
3890,5.9 
3891,5.7 
3892,5.4 
3893,5.2 
3894,4.9 
3895,4.9 
3896,4.6 
3897,4.3 
3898,4.2 
3899,4.0 
3900,3.8 
3901,3.6 
3902,3.4 
3903,3.1 
3904,3.0 
3905,2.8 
3906,2.5 
3907,2.4 
3908,2.3 
3909,2.1 
3910,1.8 
3911,1.7 
3912,1.4 
3913,1.3 
3914,1.1 
3915,0.8 
3916,8.5 
3917,0.4 
3918,7.9 
3919,7.7 
3920,3.6 
3921,3.4 
3922,5.5 
3923,3.0 
3924,2.8 
3925,2.5 
3926,2.3 
3927,4.0 
3928,1.8 
3929,1.6 
3930,1.3 
3931,1.1 
3932,0.9 
3933,6.1 
3934,6.0 
3935,5.7 
3936,5.5 
3937,5.3 
3938,4.9 
3939,4.8 
3940,4.6 
3941,4.4 
3942,3.5 
3943,4.8 
3944,3.0 
3945,2.8 
3946,2.6 
3947,2.5 
3948,2.3 
3949,2.0 
3950,1.6 
3951,1.4 
3952,1.3 
3953,1.1 
3954,0.8 
3955,0.6 
3956,8.5 
3957,8.3 
3958,8.0 
3959,7.7 
3960,7.5 
3961,7.2 
3962,7.1 
3963,6.9 
3964,6.7 
3965,6.5 
3966,6.3 
3967,6.2 
3968,5.9 
3969,5.7 
3970,5.5 
3971,5.2 
3972,5.0 
3973,4.7 
3974,4.6 
3975,4.4 
3976,0.8 
3977,0.7 
3978,8.5 
3979,8.4 
3980,8.0 
3981,7.8 
3982,7.5 
3983,7.2 
3984,7.1 
3985,6.9 
3986,6.8 
3987,6.5 
3988,6.4 
3989,6.1 
3990,5.9 
3991,5.7 
3992,5.4 
3993,5.2 
3994,5.1 
3995,4.7 
3996,4.4 
3997,4.2 
3998,3.9 
3999,3.7 
4000,3.5 
4001,3.3 
4002,3.1 
4003,2.9 
4004,2.7 
4005,2.5 
4006,2.2 
4007,2.0 
4008,1.7 
4009,1.5 
4010,1.2 
4011,1.1 
4012,0.8 
4013,8.5 
4014,8.4 
4015,8.1 
4016,7.9 
4017,7.7 
4018,7.4 
4019,7.1 
4020,6.9 
4021,6.8 
4022,6.6 
4023,6.3 
4024,6.1 
4025,5.9 
4026,5.7 
4027,1.4 
4028,1.2 
4029,0.9 
4030,1.4 
4031,0.6 
4032,8.5 
4033,0.4 
4034,8.0 
4035,8.0 
4036,7.7 
4037,7.2 
4038,6.9 
4039,6.5 
4040,6.3 
4041,6.0 
4042,5.8 
4043,5.6 
4044,5.5 
4045,5.2 
4046,5.0 
4047,4.7 
4048,4.7 
4049,4.3 
4050,4.1 
4051,3.9 
4052,3.6 
4053,3.5 
4054,3.3 
4055,2.9 
4056,2.7 
4057,2.5 
4058,2.3 
4059,6.0 
4060,5.8 
4061,5.7 
4062,5.3 
4063,4.9 
4064,4.7 
4065,4.5 
4066,4.3 
4067,3.9 
4068,3.7 
4069,3.5 
4070,3.3 
4071,3.1 
4072,5.6 
4073,2.6 
4074,2.5 
4075,2.4 
4076,4.9 
4077,1.9 
4078,1.6 
4079,1.3 
4080,1.2 
4081,1.0 
4082,3.6 
4083,8.5 
4084,8.3 
4085,8.0 
4086,7.8 
4087,7.6 
4088,4.8 
4089,4.5 
4090,4.3 
4091,4.0 
4092,3.8 
4093,3.6 
4094,3.4 
4095,3.2 
4096,2.8 
4097,2.6 
4098,2.4 
4099,2.2 
4100,2.1 
4101,1.9 
4102,1.7 
4103,1.4 
4104,1.2 
4105,1.1 
4106,0.9 
4107,0.6 
4108,0.7 
4109,8.2 
4110,8.1 
4111,7.9 
4112,7.7 
4113,7.4 
4114,7.2 
4115,7.8 
4116,6.9 
4117,6.6 
4118,6.3 
4119,6.1 
4120,5.9 
4121,5.7 
4122,5.4 
4123,5.2 
4124,4.9 
4125,4.7 
4126,4.5 
4127,4.3 
4128,4.1 
4129,4.8 
4130,3.6 
4131,4.4 
4132,3.0 
4133,2.8 
4134,4.1 
4135,2.4 
4136,2.2 
4137,2.0 
4138,1.7 
4139,1.6 
4140,1.3 
4141,1.2 
4142,0.9 
4143,8.7 
4144,8.4 
4145,8.2 
4146,8.0 
4147,7.8 
4148,7.7 
4149,6.5 
4150,6.2 
4151,6.0 
4152,5.8 
4153,5.6 
4154,5.3 
4155,5.1 
4156,4.9 
4157,4.7 
4158,4.4 
4159,4.0 
4160,3.8 
4161,3.6 
4162,3.4 
4163,3.1 
4164,2.8 
4165,2.7 
4166,2.5 
4167,2.3 
4168,2.0 
4169,1.9 
4170,1.6 
4171,1.4 
4172,1.3 
4173,1.1 
4174,0.9 
4175,0.7 
4176,0.6 
4177,8.5 
4178,8.3 
4179,8.1 
4180,7.8 
4181,7.5 
4182,7.3 
4183,7.2 
4184,6.9 
4185,6.7 
4186,6.5 
4187,6.4 
4188,6.0 
4189,5.7 
4190,5.5 
4191,5.2 
4192,4.9 
4193,4.7 
4194,4.4 
4195,4.2 
4196,4.0 
4197,3.5 
4198,3.2 
4199,3.0 
4200,2.7 
4201,2.6 
4202,2.2 
4203,2.7 
4204,0.8 
4205,8.3 
4206,8.0 
4207,8.1 
4208,7.6 
4209,7.2 
4210,7.0 
4211,6.6 
4212,6.0 
Average ping RTT: 4.762354616662705